1,0000 0000 0000 0000 0000 001E,-68.00,0.089,-8.5,1439303649916795
1,0000 0000 0000 0000 0000 001E,-66.00,2.700,-137.9375,1439303650250210
1,0000 0000 0000 0000 0000 001E,-62.00,0.712,31.6875,1439303650323846
1,0000 0000 0000 0000 0000 001E,-62.50,0.589,-13.375,1439303650364029
1,0000 0000 0000 0000 0000 001E,-62.00,0.552,10.9375,1439303650427618
1,0000 0000 0000 0000 0000 001E,-66.00,3.547,28.0625,1439303650507320
1,0000 0000 0000 0000 0000 001E,-66.00,3.178,192.8125,1439303650561893
1,0000 0000 0000 0000 0000 001E,-67.00,3.485,140.375,1439303650603593
1,0000 0000 0000 0000 0000 001E,-66.50,5.479,-3.9375,1439303650686857
1,0000 0000 0000 0000 0000 001E,-67.50,1.743,-0.125,1439303651145648
1,0000 0000 0000 0000 0000 001E,-66.00,4.485,57.3125,1439303651180381
1,0000 0000 0000 0000 0000 001E,-67.50,3.332,-54.875,1439303651538832
1,0000 0000 0000 0000 0000 001E,-68.00,0.202,0.25,1439303651627013
1,0000 0000 0000 0000 0000 001E,-64.50,1.424,83,1439303651689925
1,0000 0000 0000 0000 0000 001E,-65.00,1.749,-15.8125,1439303651728333
1,0000 0000 0000 0000 0000 001E,-67.00,4.841,0.375,1439303651798870
1,0000 0000 0000 0000 0000 001E,-64.00,1.632,50,1439303651830265
1,0000 0000 0000 0000 0000 001E,-65.50,3.037,119.625,1439303651891918
1,0000 0000 0000 0000 0000 001E,-66.50,3.706,-142.8125,1439303652001970
1,0000 0000 0000 0000 0000 001E,-70.50,4.939,-2.875,1439303652330763
1,0000 0000 0000 0000 0000 001E,-67.50,1.687,-67.125,1439303652363582
1,0000 0000 0000 0000 0000 001E,-71.00,4.860,-1.125,1439303652454570
1,0000 0000 0000 0000 0000 001E,-66.50,0.540,-0.1875,1439303652524381
1,0000 0000 0000 0000 0000 001E,-66.50,0.718,-4.3125,1439303652591416
1,0000 0000 0000 0000 0000 001E,-64.50,3.491,4.875,1439303652615258
1,0000 0000 0000 0000 0000 001E,-66.00,4.375,119.625,1439303652782569
1,0000 0000 0000 0000 0000 001E,-68.00,4.590,-1.125,1439303652868777
1,0000 0000 0000 0000 0000 001E,-62.50,1.031,34.125,1439303652972768
1,0000 0000 0000 0000 0000 001E,-62.00,0.945,101.3125,1439303653009874
1,0000 0000 0000 0000 0000 001E,-63.00,4.240,0.1875,1439303653093867
1,0000 0000 0000 0000 0000 001E,-65.00,3.387,70.75,1439303653217869
1,0000 0000 0000 0000 0000 001E,-65.50,2.982,20.75,1439303653379693
1,0000 0000 0000 0000 0000 001E,-66.00,2.283,-83,1439303653542017
1,0000 0000 0000 0000 0000 001E,-70.00,5.283,-2.1875,1439303653684050
1,0000 0000 0000 0000 0000 001E,-69.50,1.994,1.9375,1439303653721847
1,0000 0000 0000 0000 0000 001E,-67.00,5.774,1.5625,1439303653777365
1,0000 0000 0000 0000 0000 001E,-65.00,6.105,-216.0625,1439303653817859
1,0000 0000 0000 0000 0000 001E,-61.50,0.209,-177,1439303653957403
1,0000 0000 0000 0000 0000 001E,-62.00,5.940,85.4375,1439303654001485
1,0000 0000 0000 0000 0000 001E,-61.50,5.958,124.5,1439303654034541
1,0000 0000 0000 0000 0000 001E,-62.00,0.110,-75.625,1439303654081458
1,0000 0000 0000 0000 0000 001E,-61.50,6.044,67.125,1439303654128364
1,0000 0000 0000 0000 0000 001E,-64.00,3.172,20.75,1439303654198329
1,0000 0000 0000 0000 0000 001E,-64.50,3.467,-20.75,1439303654242345
1,0000 0000 0000 0000 0000 001E,-65.50,3.178,89.0625,1439303654306326
1,0000 0000 0000 0000 0000 001E,-68.50,2.608,197.75,1439303654373569
1,0000 0000 0000 0000 0000 001E,-69.00,5.792,0.9375,1439303654446219
1,0000 0000 0000 0000 0000 001E,-68.50,5.890,-0.375,1439303654532755
1,0000 0000 0000 0000 0000 001E,-63.50,3.203,-64.6875,1439303654611136
1,0000 0000 0000 0000 0000 001E,-63.50,2.970,145.25,1439303654665970
1,0000 0000 0000 0000 0000 001E,-63.50,3.105,-39.0625,1439303654728025
1,0000 0000 0000 0000 0000 001E,-65.50,2.123,151.3125,1439303654778297
1,0000 0000 0000 0000 0000 001E,-67.00,5.706,-1.1875,1439303654837199
1,0000 0000 0000 0000 0000 001E,-65.50,2.344,-114.6875,1439303654891570
1,0000 0000 0000 0000 0000 001E,-66.50,6.087,0.75,1439303654995955
1,0000 0000 0000 0000 0000 001E,-66.50,0.166,-96.375,1439303655030332
1,0000 0000 0000 0000 0000 001E,-67.00,6.050,1.5,1439303655110385
1,0000 0000 0000 0000 0000 001E,-65.00,5.952,80.5625,1439303655133867
1,0000 0000 0000 0000 0000 001E,-64.50,0.472,-62.25,1439303655239567
1,0000 0000 0000 0000 0000 001E,-65.00,0.644,-91.5,1439303655290131
1,0000 0000 0000 0000 0000 001E,-62.50,1.902,4.875,1439303655386186
1,0000 0000 0000 0000 0000 001E,-63.00,1.822,89.0625,1439303655401703
1,0000 0000 0000 0000 0000 001E,-62.50,2.123,-85.4375,1439303655459540
1,0000 0000 0000 0000 0000 001E,-62.00,1.951,-23.1875,1439303655503833
1,0000 0000 0000 0000 0000 001E,-63.00,2.117,-28.0625,1439303655555899
1,0000 0000 0000 0000 0000 001E,-70.50,1.448,0.0625,1439303655759870
1,0000 0000 0000 0000 0000 001E,-64.50,2.203,-119.625,1439303655802337
1,0000 0000 0000 0000 0000 001E,-65.50,1.761,20.75,1439303655839293
1,0000 0000 0000 0000 0000 001E,-67.00,5.117,-0.9375,1439303655916014
1,0000 0000 0000 0000 0000 001E,-65.50,2.080,34.125,1439303655945278
1,0000 0000 0000 0000 0000 001E,-65.50,0.043,-43.9375,1439303656069143
1,0000 0000 0000 0000 0000 001E,-66.50,0.092,1.5,1439303656142642
1,0000 0000 0000 0000 0000 001E,-65.00,4.835,73.1875,1439303656190141
1,0000 0000 0000 0000 0000 001E,-67.00,1.951,0.25,1439303656262611
1,0000 0000 0000 0000 0000 001E,-62.50,5.737,75.625,1439303656399947
1,0000 0000 0000 0000 0000 001E,-62.00,5.933,-137.9375,1439303656429383
1,0000 0000 0000 0000 0000 001E,-62.00,5.749,-31.6875,1439303656486567
1,0000 0000 0000 0000 0000 001E,-62.50,5.755,43.9375,1439303656518624
1,0000 0000 0000 0000 0000 001E,-64.00,5.713,2.1875,1439303656576182
1,0000 0000 0000 0000 0000 001E,-66.50,3.902,0.4375,1439303656672164
1,0000 0000 0000 0000 0000 001E,-64.50,1.086,-142.8125,1439303656717379
1,0000 0000 0000 0000 0000 001E,-63.50,0.755,13.375,1439303656762949
1,0000 0000 0000 0000 0000 001E,-63.50,1.331,43.9375,1439303656825226
1,0000 0000 0000 0000 0000 001E,-64.00,1.620,-133,1439303656887427
1,0000 0000 0000 0000 0000 001E,-63.50,1.491,-57.3125,1439303656940617
1,0000 0000 0000 0000 0000 001E,-65.00,1.608,-0.1875,1439303657022894
1,0000 0000 0000 0000 0000 001E,-62.50,4.976,-135.4375,1439303657052791
1,0000 0000 0000 0000 0000 001E,-63.50,2.921,-101.3125,1439303657313652
1,0000 0000 0000 0000 0000 001E,-62.50,2.602,96.375,1439303657363631
1,0000 0000 0000 0000 0000 001E,-65.00,0.884,-10.9375,1439303657439576
1,0000 0000 0000 0000 0000 001E,-64.50,1.062,23.1875,1439303657493801
1,0000 0000 0000 0000 0000 001E,-66.00,1.098,0.375,1439303657579637
1,0000 0000 0000 0000 0000 001E,-64.50,4.301,-119.625,1439303657605774
1,0000 0000 0000 0000 0000 001E,-64.00,4.191,31.6875,1439303657762528
1,0000 0000 0000 0000 0000 001E,-68.00,0.595,0.625,1439303657861540
1,0000 0000 0000 0000 0000 001E,-66.00,3.712,28.0625,1439303657892624
1,0000 0000 0000 0000 0000 001E,-65.00,4.074,-20.75,1439303658047134
1,0000 0000 0000 0000 0000 001E,-65.00,3.878,43.9375,1439303658127650
1,0000 0000 0000 0000 0000 001E,-65.50,4.013,-96.375,1439303658185890
1,0000 0000 0000 0000 0000 001E,-67.00,3.270,-187.9375,1439303658364491
1,0000 0000 0000 0000 0000 001E,-65.00,2.638,41.5,1439303658408059
1,0000 0000 0000 0000 0000 001E,-62.50,1.417,18.25,1439303658476555
1,0000 0000 0000 0000 0000 001E,-62.50,1.503,50,1439303658523961
1,0000 0000 0000 0000 0000 001E,-61.50,1.632,-57.3125,1439303658573495
1,0000 0000 0000 0000 0000 001E,-68.00,1.141,0.8125,1439303658648783
1,0000 0000 0000 0000 0000 001E,-65.50,4.215,142.8125,1439303658708799
1,0000 0000 0000 0000 0000 001E,-66.50,4.283,15.8125,1439303658778463
1,0000 0000 0000 0000 0000 001E,-63.00,2.393,-13.375,1439303658824830
1,0000 0000 0000 0000 0000 001E,-64.00,2.283,73.1875,1439303658877139
1,0000 0000 0000 0000 0000 001E,-64.00,2.497,-52.4375,1439303658930703
1,0000 0000 0000 0000 0000 001E,-62.50,2.362,34.125,1439303658992895
1,0000 0000 0000 0000 0000 001E,-63.00,5.326,23.1875,1439303659061751
1,0000 0000 0000 0000 0000 001E,-62.00,5.547,-15.8125,1439303659121195
1,0000 0000 0000 0000 0000 001E,-63.50,5.553,-85.4375,1439303659174047
1,0000 0000 0000 0000 0000 001E,-64.00,5.038,13.375,1439303659221178
1,0000 0000 0000 0000 0000 001E,-62.50,5.111,78.125,1439303659363887
1,0000 0000 0000 0000 0000 001E,-63.00,3.418,0.4375,1439303659504130
1,0000 0000 0000 0000 0000 001E,-62.00,0.221,59.8125,1439303659517365
1,0000 0000 0000 0000 0000 001E,-63.00,0.209,18.25,1439303659574345
1,0000 0000 0000 0000 0000 001E,-66.00,1.289,1.5625,1439303659969823
1,0000 0000 0000 0000 0000 001E,-65.00,4.369,54.875,1439303660025275
1,0000 0000 0000 0000 0000 001E,-66.00,2.853,4.875,1439303660083639
1,0000 0000 0000 0000 0000 001E,-68.50,6.130,0.875,1439303660147422
1,0000 0000 0000 0000 0000 001E,-68.00,6.210,0.125,1439303660200048
1,0000 0000 0000 0000 0000 001E,-69.50,5.467,0.0625,1439303660279227
1,0000 0000 0000 0000 0000 001E,-61.00,0.687,2.4375,1439303660456868
1,0000 0000 0000 0000 0000 001E,-62.50,0.834,-57.3125,1439303660497084
1,0000 0000 0000 0000 0000 001E,-61.50,0.675,-25.625,1439303660548219
1,0000 0000 0000 0000 0000 001E,-62.00,0.650,-10.9375,1439303660604145
1,0000 0000 0000 0000 0000 001E,-68.00,0.534,7.875,1439303660807325
1,0000 0000 0000 0000 0000 001E,-65.00,5.308,41.5,1439303660867675
1,0000 0000 0000 0000 0000 001E,-67.50,2.461,-2.1875,1439303660972536
1,0000 0000 0000 0000 0000 001E,-66.00,5.571,-158.6875,1439303661032188
1,0000 0000 0000 0000 0000 001E,-67.00,5.265,2.125,1439303661146951
1,0000 0000 0000 0000 0000 001E,-65.00,4.811,7.3125,1439303661273730
1,0000 0000 0000 0000 0000 001E,-65.00,4.749,98.875,1439303661326521
1,0000 0000 0000 0000 0000 001E,-67.50,0.337,-0.25,1439303661594032
1,0000 0000 0000 0000 0000 001E,-68.50,0.288,0.875,1439303661837664
1,0000 0000 0000 0000 0000 001E,-66.00,1.743,2.4375,1439303661887657
1,0000 0000 0000 0000 0000 001E,-65.50,1.448,78.125,1439303661966283
1,0000 0000 0000 0000 0000 001E,-67.00,4.958,-2.3125,1439303662042228
1,0000 0000 0000 0000 0000 001E,-66.00,3.209,112.25,1439303662227083
1,0000 0000 0000 0000 0000 001E,-66.50,4.246,-41.5,1439303662297471
1,0000 0000 0000 0000 0000 001E,-64.00,3.491,137.9375,1439303662334480
1,0000 0000 0000 0000 0000 001E,-65.00,3.902,57.3125,1439303662389014
1,0000 0000 0000 0000 0000 001E,-65.00,4.179,-39.0625,1439303662429539
1,0000 0000 0000 0000 0000 001E,-64.50,3.847,-64.6875,1439303662685936
1,0000 0000 0000 0000 0000 001E,-64.50,3.375,344.1875,1439303662738834
1,0000 0000 0000 0000 0000 001E,-64.00,4.123,-124.5,1439303662782063
1,0000 0000 0000 0000 0000 001E,-66.50,0.730,-0.8125,1439303662848280
1,0000 0000 0000 0000 0000 001E,-68.00,1.509,-0.5,1439303662931661
1,0000 0000 0000 0000 0000 001E,-61.50,1.203,13.375,1439303663091279
1,0000 0000 0000 0000 0000 001E,-62.00,1.160,-10.9375,1439303663134826
1,0000 0000 0000 0000 0000 001E,-62.50,0.877,158.6875,1439303663173783
1,0000 0000 0000 0000 0000 001E,-63.00,4.209,0.0625,1439303663236618
1,0000 0000 0000 0000 0000 001E,-62.00,1.025,112.25,1439303663270903
1,0000 0000 0000 0000 0000 001E,-65.00,3.412,39.0625,1439303663427193
1,0000 0000 0000 0000 0000 001E,-65.00,3.547,15.8125,1439303663475944
1,0000 0000 0000 0000 0000 001E,-67.50,6.246,-0.25,1439303663594376
1,0000 0000 0000 0000 0000 001E,-67.50,6.173,-0.25,1439303663667435
1,0000 0000 0000 0000 0000 001E,-67.00,2.105,-153.75,1439303663704523
1,0000 0000 0000 0000 0000 001E,-69.50,5.142,0.4375,1439303663882241
1,0000 0000 0000 0000 0000 001E,-61.50,6.148,-28.0625,1439303664166093
1,0000 0000 0000 0000 0000 001E,-62.50,6.136,13.375,1439303664212634
1,0000 0000 0000 0000 0000 001E,-62.00,6.160,-18.25,1439303664279244
1,0000 0000 0000 0000 0000 001E,-66.00,0.129,-1.1875,1439303664346311
1,0000 0000 0000 0000 0000 001E,-65.00,3.185,-10.9375,1439303664369569
1,0000 0000 0000 0000 0000 001E,-66.00,6.277,1.0625,1439303664430825
1,0000 0000 0000 0000 0000 001E,-64.50,3.393,-52.4375,1439303664486041
1,0000 0000 0000 0000 0000 001E,-68.50,5.829,0.875,1439303664624342
1,0000 0000 0000 0000 0000 001E,-64.50,3.123,-89.0625,1439303664758065
1,0000 0000 0000 0000 0000 001E,-64.50,2.804,83,1439303664812581
1,0000 0000 0000 0000 0000 001E,-64.00,2.816,117.1875,1439303664828999
1,0000 0000 0000 0000 0000 001E,-64.00,3.221,-151.3125,1439303664895969
1,0000 0000 0000 0000 0000 001E,-65.50,2.749,-101.3125,1439303664991703
1,0000 0000 0000 0000 0000 001E,-67.50,5.639,-0.5,1439303665076310
1,0000 0000 0000 0000 0000 001E,-65.50,5.970,67.125,1439303665126956
1,0000 0000 0000 0000 0000 001E,-67.00,6.154,0.125,1439303665210558
1,0000 0000 0000 0000 0000 001E,-66.00,6.228,-167.1875,1439303665248314
1,0000 0000 0000 0000 0000 001E,-66.50,6.032,-41.5,1439303665305874
1,0000 0000 0000 0000 0000 001E,-67.00,0.515,0.4375,1439303665380558
1,0000 0000 0000 0000 0000 001E,-64.50,0.166,169.625,1439303665406416
1,0000 0000 0000 0000 0000 001E,-65.50,0.288,78.125,1439303665428790
1,0000 0000 0000 0000 0000 001E,-66.50,0.657,-2.1875,1439303665522444
1,0000 0000 0000 0000 0000 001E,-61.50,1.902,-28.0625,1439303665569866
1,0000 0000 0000 0000 0000 001E,-63.00,1.951,-18.25,1439303665633048
1,0000 0000 0000 0000 0000 001E,-62.00,2.062,-52.4375,1439303665690605
1,0000 0000 0000 0000 0000 001E,-72.00,4.510,-0.1875,1439303665763575
1,0000 0000 0000 0000 0000 001E,-67.50,5.173,0.375,1439303666025187
1,0000 0000 0000 0000 0000 001E,-65.00,1.951,0,1439303666058608
1,0000 0000 0000 0000 0000 001E,-65.50,0.423,-64.6875,1439303666194783
1,0000 0000 0000 0000 0000 001E,-67.00,0.153,0.75,1439303666297103
1,0000 0000 0000 0000 0000 001E,-67.00,0.233,-0.25,1439303666331468
1,0000 0000 0000 0000 0000 001E,-62.00,5.805,-31.6875,1439303666562672
1,0000 0000 0000 0000 0000 001E,-63.00,5.805,0.0625,1439303666619943
1,0000 0000 0000 0000 0000 001E,-62.00,5.682,93.9375,1439303666652777
1,0000 0000 0000 0000 0000 001E,-63.00,5.792,-0.25,1439303666718506
1,0000 0000 0000 0000 0000 001E,-62.00,5.608,52.4375,1439303666745064
1,0000 0000 0000 0000 0000 001E,-66.50,3.804,1.5625,1439303666858541
1,0000 0000 0000 0000 0000 001E,-64.00,0.595,39.0625,1439303666923419
1,0000 0000 0000 0000 0000 001E,-65.00,1.632,-137.9375,1439303667023578
1,0000 0000 0000 0000 0000 001E,-63.00,4.786,-67.125,1439303667169181
1,0000 0000 0000 0000 0000 001E,-64.50,1.601,0,1439303667252107
1,0000 0000 0000 0000 0000 001E,-63.00,4.633,-20.75,1439303667274371
1,0000 0000 0000 0000 0000 001E,-64.00,4.418,133,1439303667332801
1,0000 0000 0000 0000 0000 001E,-64.50,2.663,15.8125,1439303667381335
1,0000 0000 0000 0000 0000 001E,-63.00,2.522,109.8125,1439303667440968
1,0000 0000 0000 0000 0000 001E,-64.00,2.608,41.5,1439303667488776
1,0000 0000 0000 0000 0000 001E,-63.00,2.755,-4.875,1439303667552986
1,0000 0000 0000 0000 0000 001E,-67.00,1.123,-1.75,1439303667684991
1,0000 0000 0000 0000 0000 001E,-64.50,4.332,-31.6875,1439303667848841
1,0000 0000 0000 0000 0000 001E,-66.50,0.914,1.4375,1439303667909005
1,0000 0000 0000 0000 0000 001E,-65.00,3.952,135.4375,1439303667948375
1,0000 0000 0000 0000 0000 001E,-65.50,3.657,28.0625,1439303668141720
1,0000 0000 0000 0000 0000 001E,-65.50,4.025,89.0625,1439303668291289
1,0000 0000 0000 0000 0000 001E,-65.00,4.271,-39.0625,1439303668352824
1,0000 0000 0000 0000 0000 001E,-65.50,2.835,4.875,1439303668409102
1,0000 0000 0000 0000 0000 001E,-64.50,2.632,-28.0625,1439303668448248
1,0000 0000 0000 0000 0000 001E,-66.00,2.608,15.8125,1439303668509564
1,0000 0000 0000 0000 0000 001E,-64.50,2.546,50,1439303668566820
1,0000 0000 0000 0000 0000 001E,-62.00,1.516,64.6875,1439303668664093
1,0000 0000 0000 0000 0000 001E,-61.50,1.540,-73.1875,1439303668705496
1,0000 0000 0000 0000 0000 001E,-62.00,1.601,-10.9375,1439303668755573
1,0000 0000 0000 0000 0000 001E,-65.00,4.283,109.8125,1439303668805716
1,0000 0000 0000 0000 0000 001E,-66.50,4.375,-31.6875,1439303668941512
1,0000 0000 0000 0000 0000 001E,-64.00,2.326,4.875,1439303669004862
1,0000 0000 0000 0000 0000 001E,-63.50,2.553,-89.0625,1439303669047255
1,0000 0000 0000 0000 0000 001E,-63.00,2.276,-18.25,1439303669085555
1,0000 0000 0000 0000 0000 001E,-63.50,2.184,70.75,1439303669131594
1,0000 0000 0000 0000 0000 001E,-64.00,5.381,0.125,1439303669231491
1,0000 0000 0000 0000 0000 001E,-63.50,5.528,-156.25,1439303669256542
1,0000 0000 0000 0000 0000 001E,-61.50,5.326,57.3125,1439303669293498
1,0000 0000 0000 0000 0000 001E,-63.50,5.418,-36.5625,1439303669349075
1,0000 0000 0000 0000 0000 001E,-63.50,5.185,-91.5,1439303669414848
1,0000 0000 0000 0000 0000 001E,-63.00,5.056,-13.375,1439303669480371
1,0000 0000 0000 0000 0000 001E,-63.50,5.271,-59.8125,1439303669522046
1,0000 0000 0000 0000 0000 001E,-63.50,5.081,-36.5625,1439303669563608
1,0000 0000 0000 0000 0000 001E,-61.00,0.344,-25.625,1439303669618095
1,0000 0000 0000 0000 0000 001E,-62.50,0.393,-80.5625,1439303669675609
1,0000 0000 0000 0000 0000 001E,-63.00,0.264,18.25,1439303669721463
1,0000 0000 0000 0000 0000 001E,-62.00,0.160,59.8125,1439303669768736
1,0000 0000 0000 0000 0000 001E,-62.00,0.166,7.3125,1439303669793770
1,0000 0000 0000 0000 0000 001E,-68.00,0.650,-0.5,1439303669987941
1,0000 0000 0000 0000 0000 001E,-65.50,1.313,-0.0625,1439303670090054
1,0000 0000 0000 0000 0000 001E,-64.50,4.399,-18.25,1439303670109947
1,0000 0000 0000 0000 0000 001E,-69.00,6.179,1.625,1439303670320473
1,0000 0000 0000 0000 0000 001E,-69.00,0.178,-1.0625,1439303670405000
1,0000 0000 0000 0000 0000 001E,-69.50,5.565,0.4375,1439303670463325
1,0000 0000 0000 0000 0000 001E,-69.50,5.786,-3.125,1439303670501514
1,0000 0000 0000 0000 0000 001E,-62.00,0.663,41.5,1439303670657682
1,0000 0000 0000 0000 0000 001E,-63.00,0.552,75.625,1439303670700732
1,0000 0000 0000 0000 0000 001E,-62.00,0.644,23.1875,1439303670748633
1,0000 0000 0000 0000 0000 001E,-62.00,0.650,62.25,1439303670797930
1,0000 0000 0000 0000 0000 001E,-69.00,0.706,-0.1875,1439303670912412
1,0000 0000 0000 0000 0000 001E,-69.00,0.638,0.1875,1439303670943544
1,0000 0000 0000 0000 0000 001E,-67.00,2.368,0.25,1439303671127123
1,0000 0000 0000 0000 0000 001E,-65.00,5.314,50,1439303671205332
1,0000 0000 0000 0000 0000 001E,-66.50,4.933,10.9375,1439303671488712
1,0000 0000 0000 0000 0000 001E,-65.50,4.798,41.5,1439303671553764
1,0000 0000 0000 0000 0000 001E,-65.50,4.774,57.3125,1439303671601918
1,0000 0000 0000 0000 0000 001E,-66.50,3.583,-18.25,1439303671655123
1,0000 0000 0000 0000 0000 001E,-66.00,3.105,181.875,1439303671899077
1,0000 0000 0000 0000 0000 001E,-67.00,3.086,101.3125,1439303671960405
1,0000 0000 0000 0000 0000 001E,-67.00,1.350,148.875,1439303672101677
1,0000 0000 0000 0000 0000 001E,-65.50,3.277,46.375,1439303672364719
1,0000 0000 0000 0000 0000 001E,-67.00,0.896,0.1875,1439303672506443
1,0000 0000 0000 0000 0000 001E,-70.00,4.989,-1.1875,1439303672696816
1,0000 0000 0000 0000 0000 001E,-68.50,2.209,-223.375,1439303672750293
1,0000 0000 0000 0000 0000 001E,-66.50,0.552,-0.375,1439303672964289
1,0000 0000 0000 0000 0000 001E,-63.50,3.626,-18.25,1439303673020833
1,0000 0000 0000 0000 0000 001E,-68.00,4.663,0.5,1439303673109205
1,0000 0000 0000 0000 0000 001E,-66.50,4.418,67.125,1439303673226445
1,0000 0000 0000 0000 0000 001E,-63.00,1.239,-31.6875,1439303673325665
1,0000 0000 0000 0000 0000 001E,-62.50,1.062,31.6875,1439303673375249
1,0000 0000 0000 0000 0000 001E,-62.50,1.197,-39.0625,1439303673421081
1,0000 0000 0000 0000 0000 001E,-64.00,3.387,57.3125,1439303673479234
1,0000 0000 0000 0000 0000 001E,-63.50,3.540,-78.125,1439303673528500
1,0000 0000 0000 0000 0000 001E,-64.00,3.344,50,1439303673579062
1,0000 0000 0000 0000 0000 001E,-66.00,0.325,-0.0625,1439303673651465
1,0000 0000 0000 0000 0000 001E,-65.50,2.994,80.5625,1439303673727581
1,0000 0000 0000 0000 0000 001E,-65.50,5.884,31.6875,1439303674071526
1,0000 0000 0000 0000 0000 001E,-62.50,6.118,75.625,1439303674269243
1,0000 0000 0000 0000 0000 001E,-61.50,6.050,-2.4375,1439303674316350
1,0000 0000 0000 0000 0000 001E,-63.00,6.124,15.8125,1439303674372962
1,0000 0000 0000 0000 0000 001E,-63.50,6.167,0,1439303674460164
1,0000 0000 0000 0000 0000 001E,-65.00,3.166,23.1875,1439303674533414
1,0000 0000 0000 0000 0000 001E,-64.50,2.829,93.9375,1439303674587739
1,0000 0000 0000 0000 0000 001E,-68.50,6.019,-0.0625,1439303674699943
1,0000 0000 0000 0000 0000 001E,-69.00,5.872,0.1875,1439303674764215
1,0000 0000 0000 0000 0000 001E,-64.50,2.301,96.375,1439303675167282
1,0000 0000 0000 0000 0000 001E,-65.00,2.540,-41.5,1439303675227237
1,0000 0000 0000 0000 0000 001E,-67.50,6.001,6.9375,1439303675295282
1,0000 0000 0000 0000 0000 001E,-65.00,6.179,-7.3125,1439303675370674
1,0000 0000 0000 0000 0000 001E,-65.00,6.093,7.3125,1439303675429833
1,0000 0000 0000 0000 0000 001E,-67.00,6.160,-50,1439303675465737
1,0000 0000 0000 0000 0000 001E,-67.00,0.430,0.875,1439303675663314
1,0000 0000 0000 0000 0000 001E,-62.00,2.105,10.9375,1439303675693074
1,0000 0000 0000 0000 0000 001E,-63.00,1.896,54.875,1439303675729721
1,0000 0000 0000 0000 0000 001E,-63.00,1.779,7.3125,1439303675794972
1,0000 0000 0000 0000 0000 001E,-63.00,1.945,-7.3125,1439303675862394
1,0000 0000 0000 0000 0000 001E,-72.50,4.590,2.875,1439303676071269
1,0000 0000 0000 0000 0000 001E,-67.50,5.001,0.625,1439303676163351
1,0000 0000 0000 0000 0000 001E,-67.50,5.142,-1.125,1439303676231668
1,0000 0000 0000 0000 0000 001E,-65.50,6.240,133,1439303676302900
1,0000 0000 0000 0000 0000 001E,-65.00,0.405,-73.1875,1439303676468286
1,0000 0000 0000 0000 0000 001E,-68.00,5.044,2.125,1439303676572969
1,0000 0000 0000 0000 0000 001E,-62.00,5.639,106.1875,1439303676742654
1,0000 0000 0000 0000 0000 001E,-62.50,5.792,-18.25,1439303676787001
1,0000 0000 0000 0000 0000 001E,-63.50,5.792,0,1439303676864685
1,0000 0000 0000 0000 0000 001E,-63.50,0.841,39.0625,1439303676939458
1,0000 0000 0000 0000 0000 001E,-65.50,0.565,-15.8125,1439303676998823
1,0000 0000 0000 0000 0000 001E,-66.50,1.509,-179.4375,1439303677140716
1,0000 0000 0000 0000 0000 001E,-63.00,1.295,163.5625,1439303677194551
1,0000 0000 0000 0000 0000 001E,-64.50,1.669,-133,1439303677238902
1,0000 0000 0000 0000 0000 001E,-65.00,1.522,0.1875,1439303677362066
1,0000 0000 0000 0000 0000 001E,-63.00,2.780,-25.625,1439303677537964
1,0000 0000 0000 0000 0000 001E,-65.00,2.614,23.1875,1439303677606766
1,0000 0000 0000 0000 0000 001E,-64.00,2.583,36.5625,1439303677640156
1,0000 0000 0000 0000 0000 001E,-66.00,1.344,-197.75,1439303677868946
1,0000 0000 0000 0000 0000 001E,-66.50,0.951,1.5,1439303677967445
1,0000 0000 0000 0000 0000 001E,-67.50,0.755,-1.4375,1439303678112248
1,0000 0000 0000 0000 0000 001E,-67.50,0.724,-0.125,1439303678146948
1,0000 0000 0000 0000 0000 001E,-65.50,4.399,-153.75,1439303678294502
1,0000 0000 0000 0000 0000 001E,-65.00,3.614,195.3125,1439303678330812
1,0000 0000 0000 0000 0000 001E,-67.00,5.915,-0.125,1439303678531256
1,0000 0000 0000 0000 0000 001E,-65.00,2.890,-142.8125,1439303678553224
1,0000 0000 0000 0000 0000 001E,-65.50,3.007,-98.875,1439303678599202
1,0000 0000 0000 0000 0000 001E,-67.00,2.522,57.3125,1439303678653970
1,0000 0000 0000 0000 0000 001E,-62.50,1.448,114.6875,1439303678738949
1,0000 0000 0000 0000 0000 001E,-62.50,1.466,-62.25,1439303678790562
1,0000 0000 0000 0000 0000 001E,-62.50,1.497,43.9375,1439303678854437
1,0000 0000 0000 0000 0000 001E,-66.00,4.295,-18.25,1439303678911016
1,0000 0000 0000 0000 0000 001E,-65.50,4.872,-101.3125,1439303678972213
1,0000 0000 0000 0000 0000 001E,-66.50,4.639,-142.8125,1439303679007796
1,0000 0000 0000 0000 0000 001E,-62.50,2.467,-64.6875,1439303679163826
1,0000 0000 0000 0000 0000 001E,-63.00,2.454,-28.0625,1439303679214970
1,0000 0000 0000 0000 0000 001E,-64.50,2.215,70.75,1439303679264316
1,0000 0000 0000 0000 0000 001E,-62.00,5.755,-59.8125,1439303679347386
1,0000 0000 0000 0000 0000 001E,-62.50,5.400,-2.4375,1439303679374916
1,0000 0000 0000 0000 0000 001E,-62.50,5.430,-50,1439303679419978
1,0000 0000 0000 0000 0000 001E,-64.00,5.295,1.5,1439303679479335
1,0000 0000 0000 0000 0000 001E,-63.00,5.031,-4.875,1439303679514489
1,0000 0000 0000 0000 0000 001E,-62.00,5.081,-10.9375,1439303679553807
1,0000 0000 0000 0000 0000 001E,-63.00,5.105,-20.75,1439303679618389
1,0000 0000 0000 0000 0000 001E,-63.50,5.062,36.5625,1439303679670557
1,0000 0000 0000 0000 0000 001E,-62.50,0.104,34.125,1439303679763262
1,0000 0000 0000 0000 0000 001E,-62.50,0.319,-15.8125,1439303679815608
1,0000 0000 0000 0000 0000 001E,-62.00,0.184,73.1875,1439303679858670
1,0000 0000 0000 0000 0000 001E,-63.00,0.362,-50,1439303679909690
1,0000 0000 0000 0000 0000 001E,-64.00,4.725,-133,1439303680120383
1,0000 0000 0000 0000 0000 001E,-65.50,1.344,-0.9375,1439303680228069
1,0000 0000 0000 0000 0000 001E,-65.00,4.406,93.9375,1439303680294939
1,0000 0000 0000 0000 0000 001E,-68.50,0.043,-0.9375,1439303680490623
1,0000 0000 0000 0000 0000 001E,-69.50,5.621,-0.25,1439303680544803
1,0000 0000 0000 0000 0000 001E,-62.50,0.798,-54.875,1439303680776766
1,0000 0000 0000 0000 0000 001E,-63.00,0.601,85.4375,1439303680837140
1,0000 0000 0000 0000 0000 001E,-62.00,0.472,114.6875,1439303680884985
1,0000 0000 0000 0000 0000 001E,-63.50,0.730,7.3125,1439303680911228
1,0000 0000 0000 0000 0000 001E,-66.50,3.945,-75.625,1439303681009238
1,0000 0000 0000 0000 0000 001E,-68.50,0.589,0.1875,1439303681088452
1,0000 0000 0000 0000 0000 001E,-68.00,5.559,-0.1875,1439303681200436
1,0000 0000 0000 0000 0000 001E,-65.00,5.749,54.875,1439303681261526
1,0000 0000 0000 0000 0000 001E,-67.00,5.357,0.0625,1439303681386519
1,0000 0000 0000 0000 0000 001E,-66.50,4.676,83,1439303681558827
1,0000 0000 0000 0000 0000 001E,-68.00,0.319,1.1875,1439303681801802
1,0000 0000 0000 0000 0000 001E,-68.00,0.417,0.5,1439303681841555
1,0000 0000 0000 0000 0000 001E,-68.50,0.319,0.1875,1439303681892897
1,0000 0000 0000 0000 0000 001E,-68.00,0.448,-0.4375,1439303681950127
1,0000 0000 0000 0000 0000 001E,-66.00,3.264,112.25,1439303682145314
1,0000 0000 0000 0000 0000 001E,-67.50,4.823,-0.25,1439303682225703
1,0000 0000 0000 0000 0000 001E,-67.50,4.896,-2.125,1439303682290014
1,0000 0000 0000 0000 0000 001E,-67.00,1.669,52.4375,1439303682333205
1,0000 0000 0000 0000 0000 001E,-68.00,0.215,-0.125,1439303682428630
1,0000 0000 0000 0000 0000 001E,-67.50,0.288,-2.125,1439303682521441
1,0000 0000 0000 0000 0000 001E,-67.00,0.816,0,1439303682628477
1,0000 0000 0000 0000 0000 001E,-67.00,0.847,-0.875,1439303682706618
1,0000 0000 0000 0000 0000 001E,-71.00,4.927,0.625,1439303682904871
1,0000 0000 0000 0000 0000 001E,-65.50,3.712,2.4375,1439303682978070
1,0000 0000 0000 0000 0000 001E,-64.00,3.430,80.5625,1439303683014338
1,0000 0000 0000 0000 0000 001E,-66.50,0.583,0.4375,1439303683070459
1,0000 0000 0000 0000 0000 001E,-67.50,0.571,0.4375,1439303683134903
1,0000 0000 0000 0000 0000 001E,-66.00,4.620,34.125,1439303683229921
1,0000 0000 0000 0000 0000 001E,-66.00,4.559,-23.1875,1439303683269600
1,0000 0000 0000 0000 0000 001E,-68.50,1.509,0.25,1439303683370856
1,0000 0000 0000 0000 0000 001E,-62.00,1.540,-80.5625,1439303683445684
1,0000 0000 0000 0000 0000 001E,-62.00,1.117,4.875,1439303683492780
1,0000 0000 0000 0000 0000 001E,-61.50,1.197,-28.0625,1439303683552217
1,0000 0000 0000 0000 0000 001E,-64.50,3.455,96.375,1439303683600871
1,0000 0000 0000 0000 0000 001E,-64.00,3.731,-23.1875,1439303683653042
1,0000 0000 0000 0000 0000 001E,-64.00,3.369,31.6875,1439303683704277
1,0000 0000 0000 0000 0000 001E,-66.00,0.350,0.1875,1439303683775216
1,0000 0000 0000 0000 0000 001E,-66.50,5.565,70.75,1439303684237785
1,0000 0000 0000 0000 0000 001E,-65.50,5.608,43.9375,1439303684291136
1,0000 0000 0000 0000 0000 001E,-67.00,5.663,0.4375,1439303684365155
1,0000 0000 0000 0000 0000 001E,-66.00,0.129,-0.375,1439303684652074
1,0000 0000 0000 0000 0000 001E,-65.00,3.215,28.0625,1439303684686497
1,0000 0000 0000 0000 0000 001E,-65.50,3.227,20.75,1439303684724067
1,0000 0000 0000 0000 0000 001E,-65.50,2.933,119.625,1439303684746381
1,0000 0000 0000 0000 0000 001E,-66.00,2.141,319.8125,1439303684805231
1,0000 0000 0000 0000 0000 001E,-67.00,2.381,130.5625,1439303684932114
1,0000 0000 0000 0000 0000 001E,-66.50,2.503,67.125,1439303684979049
1,0000 0000 0000 0000 0000 001E,-64.50,3.031,-20.75,1439303685038849
1,0000 0000 0000 0000 0000 001E,-65.50,2.350,85.4375,1439303685203282
1,0000 0000 0000 0000 0000 001E,-67.00,5.571,-0.75,1439303685352511
1,0000 0000 0000 0000 0000 001E,-67.00,6.185,0.1875,1439303685428994
1,0000 0000 0000 0000 0000 001E,-64.50,0.061,-172.0625,1439303685455212
1,0000 0000 0000 0000 0000 001E,-65.00,5.983,62.25,1439303685515149
1,0000 0000 0000 0000 0000 001E,-64.50,5.970,28.0625,1439303685557898
1,0000 0000 0000 0000 0000 001E,-65.50,0.804,-137.9375,1439303685625264
1,0000 0000 0000 0000 0000 001E,-65.00,0.368,98.875,1439303685764790
1,0000 0000 0000 0000 0000 001E,-62.50,2.098,-73.1875,1439303685865831
1,0000 0000 0000 0000 0000 001E,-62.00,1.982,13.375,1439303685929449
1,0000 0000 0000 0000 0000 001E,-62.50,1.669,218.5,1439303685943988
1,0000 0000 0000 0000 0000 001E,-63.50,1.829,140.375,1439303685994930
1,0000 0000 0000 0000 0000 001E,-68.00,5.185,-0.4375,1439303686287395
1,0000 0000 0000 0000 0000 001E,-67.00,5.130,-0.25,1439303686386248
1,0000 0000 0000 0000 0000 001E,-65.00,0.288,-15.8125,1439303686472297
1,0000 0000 0000 0000 0000 001E,-66.00,0.147,91.5,1439303686510875
1,0000 0000 0000 0000 0000 001E,-64.50,0.184,59.8125,1439303686558273
1,0000 0000 0000 0000 0000 001E,-66.00,4.817,236.8125,1439303686632430
1,0000 0000 0000 0000 0000 001E,-67.50,5.277,-0.875,1439303686707090
1,0000 0000 0000 0000 0000 001E,-65.00,5.768,-239.25,1439303686726506
1,0000 0000 0000 0000 0000 001E,-64.50,5.123,34.125,1439303686768672
1,0000 0000 0000 0000 0000 001E,-62.00,6.025,-148.875,1439303686837923
1,0000 0000 0000 0000 0000 001E,-62.50,5.571,89.0625,1439303686883282
1,0000 0000 0000 0000 0000 001E,-62.50,5.940,-31.6875,1439303686942522
1,0000 0000 0000 0000 0000 001E,-63.50,5.848,0,1439303687011349
1,0000 0000 0000 0000 0000 001E,-65.50,1.043,-41.5,1439303687085322
1,0000 0000 0000 0000 0000 001E,-64.00,0.571,83,1439303687139778
1,0000 0000 0000 0000 0000 001E,-66.50,4.013,0.8125,1439303687185631
1,0000 0000 0000 0000 0000 001E,-65.50,0.914,-28.0625,1439303687207914
1,0000 0000 0000 0000 0000 001E,-66.50,1.356,-28.0625,1439303687291075
1,0000 0000 0000 0000 0000 001E,-66.50,1.503,0,1439303687350096
1,0000 0000 0000 0000 0000 001E,-64.50,1.479,15.8125,1439303687394187
1,0000 0000 0000 0000 0000 001E,-63.50,4.467,91.5,1439303687449217
1,0000 0000 0000 0000 0000 001E,-64.00,4.921,-109.8125,1439303687615147
1,0000 0000 0000 0000 0000 001E,-62.50,2.473,96.375,1439303687669108
1,0000 0000 0000 0000 0000 001E,-64.00,2.706,-96.375,1439303687705441
1,0000 0000 0000 0000 0000 001E,-64.00,2.602,-89.0625,1439303687760129
1,0000 0000 0000 0000 0000 001E,-65.50,0.914,137.9375,1439303687889790
1,0000 0000 0000 0000 0000 001E,-66.50,1.227,-103.75,1439303687941464
1,0000 0000 0000 0000 0000 001E,-65.50,1.012,41.5,1439303687989675
1,0000 0000 0000 0000 0000 001E,-63.50,1.368,36.5625,1439303688042573
1,0000 0000 0000 0000 0000 001E,-64.50,4.148,54.875,1439303688185486
1,0000 0000 0000 0000 0000 001E,-64.50,4.307,-15.8125,1439303688244398
1,0000 0000 0000 0000 0000 001E,-65.50,3.516,260,1439303688499861
1,0000 0000 0000 0000 0000 001E,-68.00,0.896,-0.8125,1439303688557759
1,0000 0000 0000 0000 0000 001E,-64.50,2.632,75.625,1439303688802904
1,0000 0000 0000 0000 0000 001E,-62.50,1.448,62.25,1439303688868427
1,0000 0000 0000 0000 0000 001E,-63.00,1.694,-34.125,1439303688915775
1,0000 0000 0000 0000 0000 001E,-61.50,1.608,-80.5625,1439303688968469
1,0000 0000 0000 0000 0000 001E,-62.00,1.522,-18.25,1439303689015405
1,0000 0000 0000 0000 0000 001E,-68.00,1.092,0.9375,1439303689126689
1,0000 0000 0000 0000 0000 001E,-68.50,1.227,-1.0625,1439303689197067
1,0000 0000 0000 0000 0000 001E,-63.00,2.215,0,1439303689267224
1,0000 0000 0000 0000 0000 001E,-65.00,5.486,-1.3125,1439303689322253
1,0000 0000 0000 0000 0000 001E,-63.00,2.270,43.9375,1439303689336164
1,0000 0000 0000 0000 0000 001E,-63.50,5.461,54.875,1439303689490626
1,0000 0000 0000 0000 0000 001E,-62.00,5.332,41.5,1439303689530961
1,0000 0000 0000 0000 0000 001E,-63.50,5.301,-36.5625,1439303689583178
1,0000 0000 0000 0000 0000 001E,-62.00,5.332,23.1875,1439303689637162
1,0000 0000 0000 0000 0000 001E,-63.00,4.995,2.4375,1439303689711892
1,0000 0000 0000 0000 0000 001E,-63.00,5.277,-135.4375,1439303689755707
1,0000 0000 0000 0000 0000 001E,-63.00,4.903,83,1439303689805610
1,0000 0000 0000 0000 0000 001E,-64.00,5.099,-7.3125,1439303689859856
1,0000 0000 0000 0000 0000 001E,-62.50,0.307,-28.0625,1439303689921350
1,0000 0000 0000 0000 0000 001E,-62.50,0.147,117.1875,1439303689963383
1,0000 0000 0000 0000 0000 001E,-63.00,0.331,-10.9375,1439303690031807
1,0000 0000 0000 0000 0000 001E,-66.50,3.645,-2.4375,1439303690084790
1,0000 0000 0000 0000 0000 001E,-64.50,4.504,-7.3125,1439303690344154
1,0000 0000 0000 0000 0000 001E,-65.00,1.197,0.25,1439303690443544
1,0000 0000 0000 0000 0000 001E,-62.50,4.381,54.875,1439303690472974
1,0000 0000 0000 0000 0000 001E,-63.00,0.841,28.0625,1439303690931206
1,0000 0000 0000 0000 0000 001E,-63.00,0.638,34.125,1439303690989565
1,0000 0000 0000 0000 0000 001E,-61.50,0.767,-52.4375,1439303691041628
1,0000 0000 0000 0000 0000 001E,-68.00,0.374,2.125,1439303691143170
1,0000 0000 0000 0000 0000 001E,-65.50,5.387,112.25,1439303691346196
1,0000 0000 0000 0000 0000 001E,-64.50,5.289,158.6875,1439303691411249
1,0000 0000 0000 0000 0000 001E,-66.00,5.326,-4.875,1439303691465230
1,0000 0000 0000 0000 0000 001E,-64.50,3.608,-148.875,1439303691963659
1,0000 0000 0000 0000 0000 001E,-68.00,3.356,7.3125,1439303692115972
1,0000 0000 0000 0000 0000 001E,-66.00,2.976,148.875,1439303692169497
1,0000 0000 0000 0000 0000 001E,-65.50,1.644,59.8125,1439303692321194
1,0000 0000 0000 0000 0000 001E,-67.50,4.847,0.375,1439303692406545
1,0000 0000 0000 0000 0000 001E,-65.00,1.816,25.625,1439303692428676
1,0000 0000 0000 0000 0000 001E,-67.50,1.773,-0.625,1439303692494316
1,0000 0000 0000 0000 0000 001E,-63.00,3.510,-133,1439303692547619
1,0000 0000 0000 0000 0000 001E,-68.00,0.233,-0.375,1439303692634394
1,0000 0000 0000 0000 0000 001E,-65.50,4.105,-2.4375,1439303692715923
1,0000 0000 0000 0000 0000 001E,-67.50,1.786,-80.5625,1439303693037140
1,0000 0000 0000 0000 0000 001E,-68.50,1.295,270.9375,1439303693084574
1,0000 0000 0000 0000 0000 001E,-65.50,3.767,54.875,1439303693161740
1,0000 0000 0000 0000 0000 001E,-64.50,3.743,-2.4375,1439303693210730
1,0000 0000 0000 0000 0000 001E,-65.50,3.786,-13.375,1439303693263316
1,0000 0000 0000 0000 0000 001E,-66.00,4.547,89.0625,1439303693322181
1,0000 0000 0000 0000 0000 001E,-68.00,1.405,1.0625,1439303693391290
1,0000 0000 0000 0000 0000 001E,-67.50,1.516,0.1875,1439303693436961
1,0000 0000 0000 0000 0000 001E,-68.00,1.509,0,1439303693474727
1,0000 0000 0000 0000 0000 001E,-62.50,1.141,-4.875,1439303693523966
1,0000 0000 0000 0000 0000 001E,-61.50,1.147,-2.4375,1439303693564863
1,0000 0000 0000 0000 0000 001E,-62.50,1.252,-89.0625,1439303693613894
1,0000 0000 0000 0000 0000 001E,-62.00,0.951,83,1439303693668407
1,0000 0000 0000 0000 0000 001E,-64.00,3.761,-112.25,1439303693735876
1,0000 0000 0000 0000 0000 001E,-64.50,3.565,46.375,1439303693838901
1,0000 0000 0000 0000 0000 001E,-64.00,3.461,109.8125,1439303693858702
1,0000 0000 0000 0000 0000 001E,-64.00,3.412,135.4375,1439303693921765
1,0000 0000 0000 0000 0000 001E,-66.50,2.939,13.375,1439303693973987
1,0000 0000 0000 0000 0000 001E,-68.00,6.216,0.75,1439303694048429
1,0000 0000 0000 0000 0000 001E,-64.50,3.497,-216.0625,1439303694068602
1,0000 0000 0000 0000 0000 001E,-66.00,3.534,-213.5625,1439303694120547
1,0000 0000 0000 0000 0000 001E,-69.50,5.246,-0.9375,1439303694219832
1,0000 0000 0000 0000 0000 001E,-68.00,1.927,-117.1875,1439303694279988
1,0000 0000 0000 0000 0000 001E,-65.50,6.216,-128.125,1439303694334727
1,0000 0000 0000 0000 0000 001E,-65.50,5.547,197.75,1439303694495879
1,0000 0000 0000 0000 0000 001E,-61.50,0.135,-52.4375,1439303694554745
1,0000 0000 0000 0000 0000 001E,-62.50,6.062,54.875,1439303694610026
1,0000 0000 0000 0000 0000 001E,-63.00,6.271,-0.625,1439303694687786
1,0000 0000 0000 0000 0000 001E,-62.00,6.124,13.375,1439303694705617
1,0000 0000 0000 0000 0000 001E,-65.50,3.516,-83,1439303694789484
1,0000 0000 0000 0000 0000 001E,-63.00,3.277,41.5,1439303694828639
1,0000 0000 0000 0000 0000 001E,-66.00,0.153,0.25,1439303694919129
1,0000 0000 0000 0000 0000 001E,-66.00,2.896,-75.625,1439303694957500
1,0000 0000 0000 0000 0000 001E,-67.00,2.810,-67.125,1439303695010426
1,0000 0000 0000 0000 0000 001E,-69.00,5.866,-0.625,1439303695102617
1,0000 0000 0000 0000 0000 001E,-62.50,2.804,70.75,1439303695164532
1,0000 0000 0000 0000 0000 001E,-64.50,2.724,59.8125,1439303695208873
1,0000 0000 0000 0000 0000 001E,-65.00,3.123,-190.375,1439303695260129
1,0000 0000 0000 0000 0000 001E,-64.50,2.921,54.875,1439303695307953
1,0000 0000 0000 0000 0000 001E,-68.00,5.670,-0.5,1439303695414783
1,0000 0000 0000 0000 0000 001E,-65.50,2.522,-4.875,1439303695463180
1,0000 0000 0000 0000 0000 001E,-67.00,2.442,137.9375,1439303695499769
1,0000 0000 0000 0000 0000 001E,-66.50,2.540,-54.875,1439303695539096
1,0000 0000 0000 0000 0000 001E,-64.00,5.817,137.9375,1439303695632013
1,0000 0000 0000 0000 0000 001E,-65.00,6.222,18.25,1439303695698573
1,0000 0000 0000 0000 0000 001E,-65.00,6.093,46.375,1439303695748124
1,0000 0000 0000 0000 0000 001E,-65.00,0.834,-98.875,1439303695836296
1,0000 0000 0000 0000 0000 001E,-66.50,0.558,0.75,1439303695922695
1,0000 0000 0000 0000 0000 001E,-62.00,1.982,13.375,1439303696022107
1,0000 0000 0000 0000 0000 001E,-62.50,1.963,-13.375,1439303696093089
1,0000 0000 0000 0000 0000 001E,-62.50,2.049,28.0625,1439303696145223
1,0000 0000 0000 0000 0000 001E,-72.00,4.436,-0.75,1439303696343688
1,0000 0000 0000 0000 0000 001E,-67.50,5.240,-1.625,1439303696403077
1,0000 0000 0000 0000 0000 001E,-66.00,1.982,-10.9375,1439303696423891
1,0000 0000 0000 0000 0000 001E,-67.00,0.252,78.125,1439303696583594
1,0000 0000 0000 0000 0000 001E,-66.00,6.111,197.75,1439303696634816
1,0000 0000 0000 0000 0000 001E,-65.00,0.393,-39.0625,1439303696679318
1,0000 0000 0000 0000 0000 001E,-64.50,6.246,148.875,1439303696707000
1,0000 0000 0000 0000 0000 001E,-66.00,0.135,50,1439303696757899
1,0000 0000 0000 0000 0000 001E,-67.00,5.265,0.25,1439303696863979
1,0000 0000 0000 0000 0000 001E,-65.50,4.792,197.75,1439303696882019
1,0000 0000 0000 0000 0000 001E,-65.00,4.872,109.8125,1439303696938673
1,0000 0000 0000 0000 0000 001E,-62.50,5.479,119.625,1439303697073475
1,0000 0000 0000 0000 0000 001E,-64.00,5.811,1.125,1439303697139866
1,0000 0000 0000 0000 0000 001E,-62.50,5.602,70.75,1439303697163358
1,0000 0000 0000 0000 0000 001E,-66.50,0.884,0.375,1439303697249379
1,0000 0000 0000 0000 0000 001E,-67.50,0.828,2.4375,1439303697291908
1,0000 0000 0000 0000 0000 001E,-65.00,0.982,-128.125,1439303697318459
1,0000 0000 0000 0000 0000 001E,-66.50,0.853,34.125,1439303697377176
1,0000 0000 0000 0000 0000 001E,-65.00,1.454,140.375,1439303697437301
1,0000 0000 0000 0000 0000 001E,-67.00,4.823,-2.5,1439303697505171
1,0000 0000 0000 0000 0000 001E,-67.00,1.540,0.375,1439303697549711
1,0000 0000 0000 0000 0000 001E,-65.50,1.460,43.9375,1439303697577762
1,0000 0000 0000 0000 0000 001E,-63.00,4.608,28.0625,1439303697643598
1,0000 0000 0000 0000 0000 001E,-63.00,4.817,-78.125,1439303697682051
1,0000 0000 0000 0000 0000 001E,-63.50,4.676,-25.625,1439303697746325
1,0000 0000 0000 0000 0000 001E,-64.00,2.688,20.75,1439303697834492
1,0000 0000 0000 0000 0000 001E,-63.00,2.577,70.75,1439303697895043
1,0000 0000 0000 0000 0000 001E,-63.50,2.657,39.0625,1439303697939422
1,0000 0000 0000 0000 0000 001E,-63.00,2.853,-135.4375,1439303697969987
1,0000 0000 0000 0000 0000 001E,-64.50,1.012,91.5,1439303698023274
1,0000 0000 0000 0000 0000 001E,-67.50,1.313,-0.9375,1439303698107179
1,0000 0000 0000 0000 0000 001E,-64.50,1.147,10.9375,1439303698129372
1,0000 0000 0000 0000 0000 001E,-68.00,0.706,-1.4375,1439303698421332
1,0000 0000 0000 0000 0000 001E,-66.00,3.933,20.75,1439303698446828
1,0000 0000 0000 0000 0000 001E,-67.50,0.644,1.25,1439303698535278
1,0000 0000 0000 0000 0000 001E,-68.00,0.877,0.0625,1439303698700009
1,0000 0000 0000 0000 0000 001E,-67.00,3.859,41.5,1439303698723290
1,0000 0000 0000 0000 0000 001E,-65.50,2.577,145.25,1439303698996556
1,0000 0000 0000 0000 0000 001E,-63.00,1.552,-52.4375,1439303699057536
1,0000 0000 0000 0000 0000 001E,-61.50,1.503,43.9375,1439303699118247
1,0000 0000 0000 0000 0000 001E,-63.00,1.786,-114.6875,1439303699175825
1,0000 0000 0000 0000 0000 001E,-67.00,4.326,31.6875,1439303699252155
1,0000 0000 0000 0000 0000 001E,-66.00,4.166,46.375,1439303699291470
1,0000 0000 0000 0000 0000 001E,-67.50,4.295,36.5625,1439303699345006
1,0000 0000 0000 0000 0000 001E,-62.50,2.448,-50,1439303699418981
1,0000 0000 0000 0000 0000 001E,-63.00,2.405,-50,1439303699455305
1,0000 0000 0000 0000 0000 001E,-64.00,2.540,93.9375,1439303699502027
1,0000 0000 0000 0000 0000 001E,-62.50,2.338,-57.3125,1439303699560778
1,0000 0000 0000 0000 0000 001E,-63.00,2.319,2.4375,1439303699601550
1,0000 0000 0000 0000 0000 001E,-61.50,5.338,52.4375,1439303699657273
1,0000 0000 0000 0000 0000 001E,-64.00,2.258,0.125,1439303699744622
1,0000 0000 0000 0000 0000 001E,-63.50,5.571,-83,1439303699804164
1,0000 0000 0000 0000 0000 001E,-63.50,5.154,-62.25,1439303699979002
1,0000 0000 0000 0000 0000 001E,-62.50,0.344,28.0625,1439303700058762
1,0000 0000 0000 0000 0000 001E,-62.00,0.295,15.8125,1439303700124028
1,0000 0000 0000 0000 0000 001E,-62.50,0.534,-50,1439303700170133
1,0000 0000 0000 0000 0000 001E,-64.50,3.841,-190.375,1439303700306232
1,0000 0000 0000 0000 0000 001E,-68.00,0.442,0.4375,1439303700382981
1,0000 0000 0000 0000 0000 001E,-63.50,4.393,-10.9375,1439303700476974
1,0000 0000 0000 0000 0000 001E,-65.50,1.289,-0.9375,1439303700571578
1,0000 0000 0000 0000 0000 001E,-68.50,6.154,0.125,1439303700661691
1,0000 0000 0000 0000 0000 001E,-66.50,3.215,-197.75,1439303700681614
1,0000 0000 0000 0000 0000 001E,-66.50,2.191,98.875,1439303700916339
1,0000 0000 0000 0000 0000 001E,-67.00,2.350,-64.6875,1439303700959871
1,0000 0000 0000 0000 0000 001E,-63.50,3.866,0.4375,1439303701069111
1,0000 0000 0000 0000 0000 001E,-63.00,0.773,-64.6875,1439303701130256
1,0000 0000 0000 0000 0000 001E,-62.50,0.718,57.3125,1439303701185284
1,0000 0000 0000 0000 0000 001E,-68.50,0.546,0.4375,1439303701268815
1,0000 0000 0000 0000 0000 001E,-64.50,3.270,172.0625,1439303701301600
1,0000 0000 0000 0000 0000 001E,-64.50,3.577,133,1439303701361902
1,0000 0000 0000 0000 0000 001E,-65.50,3.338,130.5625,1439303701413241
1,0000 0000 0000 0000 0000 001E,-66.50,5.516,-4.875,1439303701492117
1,0000 0000 0000 0000 0000 001E,-67.50,5.584,0.0625,1439303701558350
1,0000 0000 0000 0000 0000 001E,-65.50,2.485,-206.25,1439303701816135
1,0000 0000 0000 0000 0000 001E,-67.00,4.872,103.75,1439303701862125
1,0000 0000 0000 0000 0000 001E,-67.00,1.822,0.625,1439303701938462
1,0000 0000 0000 0000 0000 001E,-64.50,4.958,-64.6875,1439303701975495
1,0000 0000 0000 0000 0000 001E,-66.00,5.099,-52.4375,1439303702029299
1,0000 0000 0000 0000 0000 001E,-66.50,3.436,101.3125,1439303702117257
1,0000 0000 0000 0000 0000 001E,-68.00,0.264,0.8125,1439303702185042
1,0000 0000 0000 0000 0000 001E,-65.50,3.461,-59.8125,1439303702212612
1,0000 0000 0000 0000 0000 001E,-64.50,3.227,67.125,1439303702284330
1,0000 0000 0000 0000 0000 001E,-66.50,3.467,-73.1875,1439303702341534
1,0000 0000 0000 0000 0000 001E,-66.50,3.270,-73.1875,1439303702390827
1,0000 0000 0000 0000 0000 001E,-65.00,1.522,112.25,1439303702530254
1,0000 0000 0000 0000 0000 001E,-65.00,1.657,80.5625,1439303702577998
1,0000 0000 0000 0000 0000 001E,-66.00,3.283,-15.8125,1439303702710772
1,0000 0000 0000 0000 0000 001E,-65.00,3.448,-23.1875,1439303702754513
1,0000 0000 0000 0000 0000 001E,-65.50,3.062,78.125,1439303702815910
1,0000 0000 0000 0000 0000 001E,-65.50,4.136,-117.1875,1439303702881936
1,0000 0000 0000 0000 0000 001E,-67.00,0.798,1.1875,1439303703057407
1,0000 0000 0000 0000 0000 001E,-65.00,3.780,46.375,1439303703305614
1,0000 0000 0000 0000 0000 001E,-65.00,3.909,-23.1875,1439303703363977
1,0000 0000 0000 0000 0000 001E,-66.50,0.650,-0.5,1439303703435052
1,0000 0000 0000 0000 0000 001E,-66.00,4.129,13.375,1439303703467977
1,0000 0000 0000 0000 0000 001E,-62.00,1.055,59.8125,1439303703739561
1,0000 0000 0000 0000 0000 001E,-61.50,1.246,-34.125,1439303703786710
1,0000 0000 0000 0000 0000 001E,-62.50,1.086,39.0625,1439303703834167
1,0000 0000 0000 0000 0000 001E,-64.00,3.737,89.0625,1439303703893944
1,0000 0000 0000 0000 0000 001E,-66.00,3.565,4.875,1439303703915971
1,0000 0000 0000 0000 0000 001E,-65.00,3.491,167.1875,1439303704072574
1,0000 0000 0000 0000 0000 001E,-67.50,0.006,-0.75,1439303704164022
1,0000 0000 0000 0000 0000 001E,-67.50,3.086,28.0625,1439303704193598
1,0000 0000 0000 0000 0000 001E,-65.00,3.313,-153.75,1439303704226533
1,0000 0000 0000 0000 0000 001E,-67.50,2.123,4.875,1439303704303002
1,0000 0000 0000 0000 0000 001E,-68.00,1.970,-18.25,1439303704344185
1,0000 0000 0000 0000 0000 001E,-68.50,1.681,216.0625,1439303704399068
1,0000 0000 0000 0000 0000 001E,-66.50,1.939,-10.9375,1439303704458659
1,0000 0000 0000 0000 0000 001E,-65.50,5.571,54.875,1439303704513776
1,0000 0000 0000 0000 0000 001E,-66.50,6.056,-57.3125,1439303704565064
1,0000 0000 0000 0000 0000 001E,-66.00,5.676,98.875,1439303704619650
1,0000 0000 0000 0000 0000 001E,-62.50,5.970,130.5625,1439303704705327
1,0000 0000 0000 0000 0000 001E,-63.50,0.018,-0.125,1439303704765086
1,0000 0000 0000 0000 0000 001E,-62.50,0.031,-23.1875,1439303704880581
1,0000 0000 0000 0000 0000 001E,-64.50,3.461,-109.8125,1439303705032563
1,0000 0000 0000 0000 0000 001E,-64.00,3.467,-7.3125,1439303705065791
1,0000 0000 0000 0000 0000 001E,-66.50,2.835,-31.6875,1439303705230992
1,0000 0000 0000 0000 0000 001E,-65.50,2.595,85.4375,1439303705262394
1,0000 0000 0000 0000 0000 001E,-65.50,6.148,-0.9375,1439303705372607
1,0000 0000 0000 0000 0000 001E,-64.00,2.915,85.4375,1439303705397491
1,0000 0000 0000 0000 0000 001E,-65.00,2.933,43.9375,1439303705423300
1,0000 0000 0000 0000 0000 001E,-65.00,6.038,1.1875,1439303705467216
1,0000 0000 0000 0000 0000 001E,-67.00,5.535,1.0625,1439303705520830
1,0000 0000 0000 0000 0000 001E,-65.50,2.283,20.75,1439303705553603
1,0000 0000 0000 0000 0000 001E,-67.00,5.663,-1.1875,1439303705643946
1,0000 0000 0000 0000 0000 001E,-65.50,2.326,46.375,1439303705673373
1,0000 0000 0000 0000 0000 001E,-67.00,0.031,-2.3125,1439303705884714
1,0000 0000 0000 0000 0000 001E,-65.50,0.614,-109.8125,1439303705927276
1,0000 0000 0000 0000 0000 001E,-65.50,0.442,128.125,1439303705965103
1,0000 0000 0000 0000 0000 001E,-63.00,1.914,96.375,1439303706122635
1,0000 0000 0000 0000 0000 001E,-62.50,1.878,59.8125,1439303706150655
1,0000 0000 0000 0000 0000 001E,-62.50,2.117,-133,1439303706200126
1,0000 0000 0000 0000 0000 001E,-63.00,1.853,67.125,1439303706242784
1,0000 0000 0000 0000 0000 001E,-63.00,2.049,-31.6875,1439303706285240
1,0000 0000 0000 0000 0000 001E,-71.00,4.491,0.625,1439303706449403
1,0000 0000 0000 0000 0000 001E,-71.00,4.755,-3.875,1439303706495953
1,0000 0000 0000 0000 0000 001E,-65.50,1.878,-13.375,1439303706625804
1,0000 0000 0000 0000 0000 001E,-65.50,0.178,34.125,1439303706757434
1,0000 0000 0000 0000 0000 001E,-66.00,0.319,-109.8125,1439303706807898
1,0000 0000 0000 0000 0000 001E,-65.50,0.227,13.375,1439303706855781
1,0000 0000 0000 0000 0000 001E,-67.00,5.228,0.8125,1439303706942829
1,0000 0000 0000 0000 0000 001E,-65.50,4.798,197.75,1439303707078790
1,0000 0000 0000 0000 0000 001E,-63.00,6.013,-103.75,1439303707137915
1,0000 0000 0000 0000 0000 001E,-62.00,6.001,-80.5625,1439303707185158
1,0000 0000 0000 0000 0000 001E,-62.00,5.657,50,1439303707251620
1,0000 0000 0000 0000 0000 001E,-62.00,5.872,-28.0625,1439303707302035
1,0000 0000 0000 0000 0000 001E,-64.50,0.816,64.6875,1439303707382171
1,0000 0000 0000 0000 0000 001E,-66.00,0.773,-18.25,1439303707436805
1,0000 0000 0000 0000 0000 001E,-64.50,0.730,184.3125,1439303707490637
1,0000 0000 0000 0000 0000 001E,-67.00,4.547,0.625,1439303707614630
1,0000 0000 0000 0000 0000 001E,-65.00,1.436,41.5,1439303707631763
1,0000 0000 0000 0000 0000 001E,-67.00,4.602,0.9375,1439303707706513
1,0000 0000 0000 0000 0000 001E,-63.50,4.952,-36.5625,1439303707749928
1,0000 0000 0000 0000 0000 001E,-63.50,4.829,-34.125,1439303707797793
1,0000 0000 0000 0000 0000 001E,-63.50,4.541,73.1875,1439303707853823
1,0000 0000 0000 0000 0000 001E,-63.50,2.749,-184.3125,1439303708009219
1,0000 0000 0000 0000 0000 001E,-63.50,2.780,-93.9375,1439303708062147
1,0000 0000 0000 0000 0000 001E,-63.50,2.553,101.3125,1439303708105418
1,0000 0000 0000 0000 0000 001E,-64.50,0.657,192.8125,1439303708159666
1,0000 0000 0000 0000 0000 001E,-65.00,0.994,52.4375,1439303708216125
1,0000 0000 0000 0000 0000 001E,-65.00,1.000,169.625,1439303708255366
1,0000 0000 0000 0000 0000 001E,-66.00,1.147,-54.875,1439303708306416
1,0000 0000 0000 0000 0000 001E,-65.50,0.982,1.1875,1439303708368238
1,0000 0000 0000 0000 0000 001E,-66.00,1.117,-1.4375,1439303708430809
1,0000 0000 0000 0000 0000 001E,-65.00,4.148,-119.625,1439303708607466
1,0000 0000 0000 0000 0000 001E,-67.50,0.712,-0.8125,1439303708751876
1,0000 0000 0000 0000 0000 001E,-67.50,5.952,-1.5,1439303709082061
1,0000 0000 0000 0000 0000 001E,-67.00,5.897,-0.25,1439303709162927
1,0000 0000 0000 0000 0000 001E,-62.50,1.540,114.6875,1439303709343177
1,0000 0000 0000 0000 0000 001E,-66.00,4.320,-52.4375,1439303709390243
1,0000 0000 0000 0000 0000 001E,-63.00,2.473,-34.125,1439303709643684
1,0000 0000 0000 0000 0000 001E,-62.50,2.411,-59.8125,1439303709694857
1,0000 0000 0000 0000 0000 001E,-63.50,2.473,-52.4375,1439303709752374
1,0000 0000 0000 0000 0000 001E,-62.50,5.265,23.1875,1439303709821915
1,0000 0000 0000 0000 0000 001E,-64.00,4.896,43.9375,1439303710002337
1,0000 0000 0000 0000 0000 001E,-62.50,5.031,57.3125,1439303710047161
1,0000 0000 0000 0000 0000 001E,-63.50,4.933,20.75,1439303710092387
1,0000 0000 0000 0000 0000 001E,-62.00,0.423,-34.125,1439303710251913
1,0000 0000 0000 0000 0000 001E,-63.00,0.233,73.1875,1439303710295014
1,0000 0000 0000 0000 0000 001E,-63.00,0.546,-103.75,1439303710344258
1,0000 0000 0000 0000 0000 001E,-68.00,0.472,0.1875,1439303710510390
1,0000 0000 0000 0000 0000 001E,-67.00,0.528,-0.875,1439303710545944
1,0000 0000 0000 0000 0000 001E,-65.00,4.289,64.6875,1439303710729375
1,0000 0000 0000 0000 0000 001E,-63.50,4.277,112.25,1439303710784707
1,0000 0000 0000 0000 0000 001E,-67.50,2.350,-18.25,1439303711129882
1,0000 0000 0000 0000 0000 001E,-67.00,2.283,124.5,1439303711185793
1,0000 0000 0000 0000 0000 001E,-63.00,0.644,41.5,1439303711347162
1,0000 0000 0000 0000 0000 001E,-67.00,0.644,-1.125,1439303711435340
1,0000 0000 0000 0000 0000 001E,-67.50,0.607,0.0625,1439303711485929
1,0000 0000 0000 0000 0000 001E,-66.00,5.780,-25.625,1439303711784133
1,0000 0000 0000 0000 0000 001E,-68.00,5.326,2.1875,1439303711876749
1,0000 0000 0000 0000 0000 001E,-67.00,5.393,-1.4375,1439303711901687
1,0000 0000 0000 0000 0000 001E,-67.50,5.357,-0.125,1439303711957354
1,0000 0000 0000 0000 0000 001E,-66.50,2.098,52.4375,1439303711977139
1,0000 0000 0000 0000 0000 001E,-65.00,4.804,174.5,1439303712027275
1,0000 0000 0000 0000 0000 001E,-66.00,4.952,85.4375,1439303712077204
1,0000 0000 0000 0000 0000 001E,-65.50,5.081,15.8125,1439303712137523
1,0000 0000 0000 0000 0000 001E,-66.50,4.737,158.6875,1439303712189369
1,0000 0000 0000 0000 0000 001E,-65.50,2.982,98.875,1439303712470596
1,0000 0000 0000 0000 0000 001E,-66.00,3.148,-2.4375,1439303712516848
1,0000 0000 0000 0000 0000 001E,-66.00,3.442,13.375,1439303712569568
1,0000 0000 0000 0000 0000 001E,-66.00,1.614,25.625,1439303712615800
1,0000 0000 0000 0000 0000 001E,-65.00,1.779,-75.625,1439303712767531
1,0000 0000 0000 0000 0000 001E,-68.50,0.215,-1.75,1439303712871439
1,0000 0000 0000 0000 0000 001E,-65.50,3.706,142.8125,1439303713015203
1,0000 0000 0000 0000 0000 001E,-65.50,3.712,64.6875,1439303713142903
1,0000 0000 0000 0000 0000 001E,-70.00,1.528,1.75,1439303713262214
1,0000 0000 0000 0000 0000 001E,-64.50,3.841,-18.25,1439303713422808
1,0000 0000 0000 0000 0000 001E,-65.50,3.755,20.75,1439303713468723
1,0000 0000 0000 0000 0000 001E,-64.00,3.872,-4.875,1439303713525505
1,0000 0000 0000 0000 0000 001E,-66.00,3.749,50,1439303713576895
1,0000 0000 0000 0000 0000 001E,-67.00,1.540,-0.25,1439303713647408
1,0000 0000 0000 0000 0000 001E,-65.50,4.780,-43.9375,1439303713764593
1,0000 0000 0000 0000 0000 001E,-61.50,1.178,-10.9375,1439303713831345
1,0000 0000 0000 0000 0000 001E,-62.00,1.043,-46.375,1439303713881190
1,0000 0000 0000 0000 0000 001E,-62.00,1.233,-93.9375,1439303713938279
1,0000 0000 0000 0000 0000 001E,-62.00,1.166,4.875,1439303713988727
1,0000 0000 0000 0000 0000 001E,-64.50,3.786,-85.4375,1439303714065023
1,0000 0000 0000 0000 0000 001E,-67.00,0.448,-0.1875,1439303714129486
1,0000 0000 0000 0000 0000 001E,-63.50,3.516,-34.125,1439303714144367
1,0000 0000 0000 0000 0000 001E,-64.00,3.540,70.75,1439303714194294
1,0000 0000 0000 0000 0000 001E,-66.50,3.086,-85.4375,1439303714237492
1,0000 0000 0000 0000 0000 001E,-67.50,6.185,-0.0625,1439303714317562
1,0000 0000 0000 0000 0000 001E,-65.50,2.123,-52.4375,1439303714470525
1,0000 0000 0000 0000 0000 001E,-69.00,5.277,-2.25,1439303714548288
1,0000 0000 0000 0000 0000 001E,-69.50,5.087,-0.625,1439303714575324
1,0000 0000 0000 0000 0000 001E,-67.00,5.798,1.4375,1439303714670106
1,0000 0000 0000 0000 0000 001E,-64.50,6.203,-187.9375,1439303714730265
1,0000 0000 0000 0000 0000 001E,-64.50,6.271,-130.5625,1439303714766892
1,0000 0000 0000 0000 0000 001E,-62.50,6.050,-54.875,1439303714839599
1,0000 0000 0000 0000 0000 001E,-62.50,6.062,-52.4375,1439303714879205
1,0000 0000 0000 0000 0000 001E,-62.50,0.037,-98.875,1439303714930231
1,0000 0000 0000 0000 0000 001E,-62.00,6.044,31.6875,1439303714973075
1,0000 0000 0000 0000 0000 001E,-65.00,3.289,-62.25,1439303715041753
1,0000 0000 0000 0000 0000 001E,-64.50,3.528,-64.6875,1439303715082259
1,0000 0000 0000 0000 0000 001E,-65.50,3.448,46.375,1439303715144734
1,0000 0000 0000 0000 0000 001E,-65.50,3.221,-2.4375,1439303715188103
1,0000 0000 0000 0000 0000 001E,-66.50,2.847,-64.6875,1439303715244657
1,0000 0000 0000 0000 0000 001E,-67.00,2.375,54.875,1439303715293355
1,0000 0000 0000 0000 0000 001E,-67.00,2.657,-46.375,1439303715350104
1,0000 0000 0000 0000 0000 001E,-66.00,2.688,-10.9375,1439303715403330
1,0000 0000 0000 0000 0000 001E,-64.00,3.043,15.8125,1439303715445543
1,0000 0000 0000 0000 0000 001E,-65.00,3.037,-117.1875,1439303715483321
1,0000 0000 0000 0000 0000 001E,-64.00,2.927,91.5,1439303715547188
1,0000 0000 0000 0000 0000 001E,-63.00,3.105,-73.1875,1439303715573022
1,0000 0000 0000 0000 0000 001E,-67.50,5.663,-0.125,1439303715677055
1,0000 0000 0000 0000 0000 001E,-63.50,6.044,31.6875,1439303715847426
1,0000 0000 0000 0000 0000 001E,-67.00,6.210,-34.125,1439303715974759
1,0000 0000 0000 0000 0000 001E,-66.00,0.485,34.125,1439303716033604
1,0000 0000 0000 0000 0000 001E,-65.00,0.552,-85.4375,1439303716054301
1,0000 0000 0000 0000 0000 001E,-66.50,0.675,-1.125,1439303716137080
1,0000 0000 0000 0000 0000 001E,-65.00,0.828,-135.4375,1439303716168362
1,0000 0000 0000 0000 0000 001E,-64.00,0.509,2.4375,1439303716206490
1,0000 0000 0000 0000 0000 001E,-63.50,2.141,-23.1875,1439303716274417
1,0000 0000 0000 0000 0000 001E,-62.50,1.994,-2.4375,1439303716328339
1,0000 0000 0000 0000 0000 001E,-63.00,1.859,-28.0625,1439303716378791
1,0000 0000 0000 0000 0000 001E,-65.50,2.221,-34.125,1439303716646541
1,0000 0000 0000 0000 0000 001E,-65.50,2.252,-62.25,1439303716788077
1,0000 0000 0000 0000 0000 001E,-67.00,0.245,0.8125,1439303716874060
1,0000 0000 0000 0000 0000 001E,-66.00,0.184,1.75,1439303716918830
1,0000 0000 0000 0000 0000 001E,-66.00,0.295,-83,1439303716953642
1,0000 0000 0000 0000 0000 001E,-64.00,6.111,89.0625,1439303716973959
1,0000 0000 0000 0000 0000 001E,-62.50,5.706,39.0625,1439303717259550
1,0000 0000 0000 0000 0000 001E,-62.00,5.989,-122.0625,1439303717297922
1,0000 0000 0000 0000 0000 001E,-61.50,5.798,20.75,1439303717353135
1,0000 0000 0000 0000 0000 001E,-62.50,5.755,18.25,1439303717421152
1,0000 0000 0000 0000 0000 001E,-67.00,3.994,-0.125,1439303717542082
1,0000 0000 0000 0000 0000 001E,-65.00,0.724,98.875,1439303717633809
1,0000 0000 0000 0000 0000 001E,-67.00,4.602,1.125,1439303717726244
1,0000 0000 0000 0000 0000 001E,-67.50,4.688,-4,1439303717794824
1,0000 0000 0000 0000 0000 001E,-66.50,1.595,-0.8125,1439303717834215
1,0000 0000 0000 0000 0000 001E,-63.50,4.406,181.875,1439303717866503
1,0000 0000 0000 0000 0000 001E,-64.50,1.571,-0.0625,1439303717941681
1,0000 0000 0000 0000 0000 001E,-64.50,4.565,25.625,1439303717963509
1,0000 0000 0000 0000 0000 001E,-63.00,2.583,20.75,1439303718111493
1,0000 0000 0000 0000 0000 001E,-63.00,2.589,52.4375,1439303718185836
1,0000 0000 0000 0000 0000 001E,-64.50,2.602,43.9375,1439303718251608
1,0000 0000 0000 0000 0000 001E,-67.00,1.344,-2,1439303718435714
1,0000 0000 0000 0000 0000 001E,-64.50,3.976,73.1875,1439303718474422
1,0000 0000 0000 0000 0000 001E,-65.50,1.043,-0.1875,1439303718528885
1,0000 0000 0000 0000 0000 001E,-68.00,0.650,-1.3125,1439303718781549
1,0000 0000 0000 0000 0000 001E,-67.50,0.742,-0.5,1439303718827021
1,0000 0000 0000 0000 0000 001E,-67.50,0.785,1.625,1439303718926449
1,0000 0000 0000 0000 0000 001E,-65.00,3.896,67.125,1439303718995296
1,0000 0000 0000 0000 0000 001E,-66.50,5.848,0.25,1439303719104234
1,0000 0000 0000 0000 0000 001E,-62.50,1.730,-137.9375,1439303719280111
1,0000 0000 0000 0000 0000 001E,-63.50,4.688,0.125,1439303719353159
1,0000 0000 0000 0000 0000 001E,-62.00,1.589,-13.375,1439303719403090
1,0000 0000 0000 0000 0000 001E,-63.00,1.497,-2.4375,1439303719456063
1,0000 0000 0000 0000 0000 001E,-65.50,4.387,-41.5,1439303719516385
1,0000 0000 0000 0000 0000 001E,-67.50,4.387,-7.3125,1439303719577070
1,0000 0000 0000 0000 0000 001E,-67.50,1.190,0.375,1439303719633526
1,0000 0000 0000 0000 0000 001E,-64.00,2.448,-83,1439303719681941
1,0000 0000 0000 0000 0000 001E,-63.50,2.614,-93.9375,1439303719743037
1,0000 0000 0000 0000 0000 001E,-62.50,2.503,-70.75,1439303719800849
1,0000 0000 0000 0000 0000 001E,-63.00,2.368,54.875,1439303719830674
1,0000 0000 0000 0000 0000 001E,-62.50,5.455,34.125,1439303719891735
1,0000 0000 0000 0000 0000 001E,-62.50,5.234,140.375,1439303719924174
1,0000 0000 0000 0000 0000 001E,-62.00,5.418,0,1439303719977772
1,0000 0000 0000 0000 0000 001E,-63.00,5.240,133,1439303720029318
1,0000 0000 0000 0000 0000 001E,-63.00,5.013,43.9375,1439303720089783
1,0000 0000 0000 0000 0000 001E,-64.50,5.123,-31.6875,1439303720140736
1,0000 0000 0000 0000 0000 001E,-63.50,5.044,57.3125,1439303720200188
1,0000 0000 0000 0000 0000 001E,-63.50,5.301,-119.625,1439303720257172
1,0000 0000 0000 0000 0000 001E,-63.00,0.202,59.8125,1439303720334675
1,0000 0000 0000 0000 0000 001E,-61.50,0.239,4.875,1439303720384324
1,0000 0000 0000 0000 0000 001E,-62.50,0.380,-64.6875,1439303720428110
1,0000 0000 0000 0000 0000 001E,-68.00,0.466,0.375,1439303720508271
1,0000 0000 0000 0000 0000 001E,-64.50,4.559,50,1439303720846858
1,0000 0000 0000 0000 0000 001E,-64.50,4.301,-70.75,1439303720882692
1,0000 0000 0000 0000 0000 001E,-66.00,2.902,106.1875,1439303720937753
1,0000 0000 0000 0000 0000 001E,-66.50,3.111,73.1875,1439303720985712
1,0000 0000 0000 0000 0000 001E,-67.00,2.503,-46.375,1439303721253152
1,0000 0000 0000 0000 0000 001E,-63.00,0.724,-13.375,1439303721319177
1,0000 0000 0000 0000 0000 001E,-62.50,0.828,-96.375,1439303721360970
1,0000 0000 0000 0000 0000 001E,-62.50,0.663,-18.25,1439303721406252
1,0000 0000 0000 0000 0000 001E,-62.50,0.681,50,1439303721463932
1,0000 0000 0000 0000 0000 001E,-65.00,3.590,245.3125,1439303721632719
1,0000 0000 0000 0000 0000 001E,-67.00,5.682,-1.625,1439303721734269
1,0000 0000 0000 0000 0000 001E,-67.00,5.516,0.875,1439303721792763
1,0000 0000 0000 0000 0000 001E,-65.50,5.412,18.25,1439303721863622
1,0000 0000 0000 0000 0000 001E,-67.00,5.314,1.0625,1439303721959013
1,0000 0000 0000 0000 0000 001E,-67.00,5.344,0.0625,1439303722045535
1,0000 0000 0000 0000 0000 001E,-65.50,4.982,-83,1439303722189174
1,0000 0000 0000 0000 0000 001E,-67.50,1.761,0.875,1439303722256380
1,0000 0000 0000 0000 0000 001E,-67.00,1.865,-0.0625,1439303722311454
1,0000 0000 0000 0000 0000 001E,-67.50,0.282,0.0625,1439303722551500
1,0000 0000 0000 0000 0000 001E,-67.50,3.154,109.8125,1439303722584662
1,0000 0000 0000 0000 0000 001E,-66.50,1.460,229.4375,1439303722785043
1,0000 0000 0000 0000 0000 001E,-65.50,2.197,-130.5625,1439303722833323
1,0000 0000 0000 0000 0000 001E,-64.50,1.829,-25.625,1439303722886305
1,0000 0000 0000 0000 0000 001E,-68.00,0.117,0.75,1439303723017563
1,0000 0000 0000 0000 0000 001E,-66.00,3.369,-62.25,1439303723039409
1,0000 0000 0000 0000 0000 001E,-66.50,3.105,142.8125,1439303723086608
1,0000 0000 0000 0000 0000 001E,-66.50,2.375,377.1875,1439303723128800
1,0000 0000 0000 0000 0000 001E,-64.00,3.841,70.75,1439303723196950
1,0000 0000 0000 0000 0000 001E,-64.00,3.835,10.9375,1439303723237990
1,0000 0000 0000 0000 0000 001E,-66.00,0.792,0.375,1439303723304229
1,0000 0000 0000 0000 0000 001E,-66.50,0.657,1.25,1439303723607678
1,0000 0000 0000 0000 0000 001E,-67.00,0.755,-1.625,1439303723637716
1,0000 0000 0000 0000 0000 001E,-65.00,3.878,20.75,1439303723667099
1,0000 0000 0000 0000 0000 001E,-66.50,4.172,-153.75,1439303723692934
1,0000 0000 0000 0000 0000 001E,-67.50,1.546,-0.5,1439303723771991
1,0000 0000 0000 0000 0000 001E,-65.00,4.541,119.625,1439303723787523
1,0000 0000 0000 0000 0000 001E,-66.00,4.498,109.8125,1439303723838393
1,0000 0000 0000 0000 0000 001E,-66.00,4.571,20.75,1439303723880411
1,0000 0000 0000 0000 0000 001E,-62.50,1.203,-52.4375,1439303723961326
1,0000 0000 0000 0000 0000 001E,-62.00,0.994,83,1439303723998240
1,0000 0000 0000 0000 0000 001E,-62.00,1.374,-85.4375,1439303724055026
1,0000 0000 0000 0000 0000 001E,-64.50,3.645,36.5625,1439303724163820
1,0000 0000 0000 0000 0000 001E,-66.50,0.417,2.875,1439303724238622
1,0000 0000 0000 0000 0000 001E,-65.50,3.289,-67.125,1439303724418950
1,0000 0000 0000 0000 0000 001E,-67.50,1.718,106.1875,1439303724572096
1,0000 0000 0000 0000 0000 001E,-67.50,1.908,122.0625,1439303724630124
1,0000 0000 0000 0000 0000 001E,-66.50,1.921,36.5625,1439303724668092
1,0000 0000 0000 0000 0000 001E,-67.50,1.890,80.5625,1439303724730913
1,0000 0000 0000 0000 0000 001E,-65.00,5.823,28.0625,1439303724876216
1,0000 0000 0000 0000 0000 001E,-64.50,5.983,-57.3125,1439303724935648
1,0000 0000 0000 0000 0000 001E,-62.00,6.148,-25.625,1439303725016231
1,0000 0000 0000 0000 0000 001E,-62.50,6.105,23.1875,1439303725068566
1,0000 0000 0000 0000 0000 001E,-63.50,6.203,-0.375,1439303725131708
1,0000 0000 0000 0000 0000 001E,-61.50,0.049,-59.8125,1439303725160032
1,0000 0000 0000 0000 0000 001E,-66.00,0.025,1.125,1439303725309190
1,0000 0000 0000 0000 0000 001E,-63.50,3.197,-2.4375,1439303725365530
1,0000 0000 0000 0000 0000 001E,-67.50,2.804,20.75,1439303725425174
1,0000 0000 0000 0000 0000 001E,-68.50,5.927,-0.0625,1439303725487577
1,0000 0000 0000 0000 0000 001E,-69.00,5.915,-1.3125,1439303725561339
1,0000 0000 0000 0000 0000 001E,-64.50,2.933,7.3125,1439303725636808
1,0000 0000 0000 0000 0000 001E,-63.50,3.093,-78.125,1439303725693244
1,0000 0000 0000 0000 0000 001E,-67.00,2.436,-59.8125,1439303725788090
1,0000 0000 0000 0000 0000 001E,-65.00,0.160,-75.625,1439303725996344
1,0000 0000 0000 0000 0000 001E,-65.50,6.118,15.8125,1439303726047883
1,0000 0000 0000 0000 0000 001E,-65.00,0.043,-43.9375,1439303726109228
1,0000 0000 0000 0000 0000 001E,-64.00,0.080,-101.3125,1439303726179476
1,0000 0000 0000 0000 0000 001E,-65.50,0.663,-75.625,1439303726238369
1,0000 0000 0000 0000 0000 001E,-63.50,2.160,-98.875,1439303726452468
1,0000 0000 0000 0000 0000 001E,-64.00,2.074,-4.875,1439303726494457
1,0000 0000 0000 0000 0000 001E,-62.50,2.240,-114.6875,1439303726563453
1,0000 0000 0000 0000 0000 001E,-71.00,1.393,2.4375,1439303726674623
1,0000 0000 0000 0000 0000 001E,-66.00,1.921,13.375,1439303726818791
1,0000 0000 0000 0000 0000 001E,-65.50,2.184,-101.3125,1439303726870833
1,0000 0000 0000 0000 0000 001E,-67.50,5.216,-0.375,1439303726961974
1,0000 0000 0000 0000 0000 001E,-66.50,3.485,-1.125,1439303727161221
1,0000 0000 0000 0000 0000 001E,-67.00,0.221,62.25,1439303727180984
1,0000 0000 0000 0000 0000 001E,-66.00,5.412,-39.0625,1439303727252477
1,0000 0000 0000 0000 0000 001E,-64.50,5.228,-10.9375,1439303727292157
1,0000 0000 0000 0000 0000 001E,-62.50,6.019,-156.25,1439303727470150
1,0000 0000 0000 0000 0000 001E,-62.50,6.013,-103.75,1439303727506395
1,0000 0000 0000 0000 0000 001E,-63.50,5.921,-101.3125,1439303727561759
1,0000 0000 0000 0000 0000 001E,-62.00,5.792,-96.375,1439303727604242
1,0000 0000 0000 0000 0000 001E,-65.50,0.798,-7.3125,1439303727679720
1,0000 0000 0000 0000 0000 001E,-67.00,4.203,-1.125,1439303727744648
1,0000 0000 0000 0000 0000 001E,-64.00,1.006,-62.25,1439303727776503
1,0000 0000 0000 0000 0000 001E,-65.00,1.338,41.5,1439303727856615
1,0000 0000 0000 0000 0000 001E,-67.00,4.669,-0.0625,1439303727923850
1,0000 0000 0000 0000 0000 001E,-64.50,1.221,36.5625,1439303727965257
1,0000 0000 0000 0000 0000 001E,-66.50,1.430,-23.1875,1439303728020429
1,0000 0000 0000 0000 0000 001E,-63.50,4.645,-10.9375,1439303728078967
1,0000 0000 0000 0000 0000 001E,-64.50,1.497,-0.1875,1439303728137023
1,0000 0000 0000 0000 0000 001E,-64.00,4.755,0,1439303728167312
1,0000 0000 0000 0000 0000 001E,-63.00,2.620,-83,1439303728284390
1,0000 0000 0000 0000 0000 001E,-63.50,2.589,15.8125,1439303728351692
1,0000 0000 0000 0000 0000 001E,-64.50,2.565,-93.9375,1439303728408492
1,0000 0000 0000 0000 0000 001E,-67.00,1.160,0.0625,1439303728504423
1,0000 0000 0000 0000 0000 001E,-67.00,1.068,36.5625,1439303728533512
1,0000 0000 0000 0000 0000 001E,-67.00,1.111,57.3125,1439303728588508
1,0000 0000 0000 0000 0000 001E,-65.00,4.215,-112.25,1439303728648568
1,0000 0000 0000 0000 0000 001E,-66.00,0.877,1.1875,1439303728733021
1,0000 0000 0000 0000 0000 001E,-66.50,4.228,-408.875,1439303728870748
1,0000 0000 0000 0000 0000 001E,-64.50,3.921,-190.375,1439303728980350
1,0000 0000 0000 0000 0000 001E,-68.00,0.914,-0.25,1439303729066193
1,0000 0000 0000 0000 0000 001E,-68.00,0.908,-0.9375,1439303729109763
1,0000 0000 0000 0000 0000 001E,-68.00,0.810,0.1875,1439303729148647
1,0000 0000 0000 0000 0000 001E,-66.50,4.044,-73.1875,1439303729172587
1,0000 0000 0000 0000 0000 001E,-66.50,3.479,231.875,1439303729228434
1,0000 0000 0000 0000 0000 001E,-68.00,5.884,0.0625,1439303729296662
1,0000 0000 0000 0000 0000 001E,-68.00,5.964,-0.75,1439303729376841
1,0000 0000 0000 0000 0000 001E,-62.50,1.632,-18.25,1439303729449211
1,0000 0000 0000 0000 0000 001E,-62.50,1.522,36.5625,1439303729493916
1,0000 0000 0000 0000 0000 001E,-63.50,4.669,0.625,1439303729590969
1,0000 0000 0000 0000 0000 001E,-67.00,4.129,148.875,1439303729664390
1,0000 0000 0000 0000 0000 001E,-63.50,2.387,39.0625,1439303729910659
1,0000 0000 0000 0000 0000 001E,-63.00,2.436,-93.9375,1439303729960947
1,0000 0000 0000 0000 0000 001E,-63.00,2.589,-109.8125,1439303730000643
1,0000 0000 0000 0000 0000 001E,-63.00,5.216,-34.125,1439303730056680
1,0000 0000 0000 0000 0000 001E,-63.00,5.578,-114.6875,1439303730194658
1,0000 0000 0000 0000 0000 001E,-63.00,4.952,54.875,1439303730259568
1,0000 0000 0000 0000 0000 001E,-64.00,5.062,-0.0625,1439303730337079
1,0000 0000 0000 0000 0000 001E,-63.00,5.087,-39.0625,1439303730382763
1,0000 0000 0000 0000 0000 001E,-64.00,4.847,41.5,1439303730443278
1,0000 0000 0000 0000 0000 001E,-62.50,0.270,-25.625,1439303730522894
1,0000 0000 0000 0000 0000 001E,-63.00,0.301,0.1875,1439303730580894
1,0000 0000 0000 0000 0000 001E,-63.00,0.270,34.125,1439303730609411
1,0000 0000 0000 0000 0000 001E,-68.50,0.442,-0.75,1439303730684532
1,0000 0000 0000 0000 0000 001E,-67.50,0.491,-0.25,1439303730847018
1,0000 0000 0000 0000 0000 001E,-65.00,4.952,-190.375,1439303730912276
1,0000 0000 0000 0000 0000 001E,-64.50,4.504,-18.25,1439303730981952
1,0000 0000 0000 0000 0000 001E,-68.50,0.025,-0.9375,1439303731081050
1,0000 0000 0000 0000 0000 001E,-67.50,2.595,23.1875,1439303731316745
1,0000 0000 0000 0000 0000 001E,-69.00,5.749,-1.25,1439303731374918
1,0000 0000 0000 0000 0000 001E,-69.50,5.762,-0.875,1439303731445001
1,0000 0000 0000 0000 0000 001E,-62.50,0.767,13.375,1439303731517699
1,0000 0000 0000 0000 0000 001E,-62.00,0.847,-39.0625,1439303731575157
1,0000 0000 0000 0000 0000 001E,-63.00,0.552,130.5625,1439303731620888
1,0000 0000 0000 0000 0000 001E,-66.00,5.528,73.1875,1439303731946514
1,0000 0000 0000 0000 0000 001E,-66.00,5.105,156.25,1439303731987454
1,0000 0000 0000 0000 0000 001E,-66.00,5.553,-2.4375,1439303732044963
1,0000 0000 0000 0000 0000 001E,-66.50,2.516,-46.375,1439303732095226
1,0000 0000 0000 0000 0000 001E,-66.00,2.252,18.25,1439303732248007
1,0000 0000 0000 0000 0000 001E,-66.50,4.927,39.0625,1439303732395933
1,0000 0000 0000 0000 0000 001E,-68.50,0.356,-0.875,1439303732592360
1,0000 0000 0000 0000 0000 001E,-67.50,3.645,-64.6875,1439303732633939
1,0000 0000 0000 0000 0000 001E,-66.50,3.252,218.5,1439303732786614
1,0000 0000 0000 0000 0000 001E,-66.50,3.749,-109.8125,1439303732842138
1,0000 0000 0000 0000 0000 001E,-66.50,3.559,122.0625,1439303732888176
1,0000 0000 0000 0000 0000 001E,-65.00,2.000,-2.4375,1439303732946742
1,0000 0000 0000 0000 0000 001E,-66.50,1.804,0,1439303732983169
1,0000 0000 0000 0000 0000 001E,-65.00,2.092,-89.0625,1439303733020068
1,0000 0000 0000 0000 0000 001E,-66.00,2.092,-23.1875,1439303733068621
1,0000 0000 0000 0000 0000 001E,-69.00,0.043,2.9375,1439303733169849
