1,0000 0000 0000 0000 0000 001E,-66.50,0.380,0.4375,1439303054067954
3,0000 0000 0000 0000 0000 001E,-60.00,0.792,20.75,1439303054673647
3,0000 0000 0000 0000 0000 001E,-61.00,0.730,73.1875,1439303054722954
1,0000 0000 0000 0000 0000 001E,-64.00,6.148,98.875,1439303054892545
1,0000 0000 0000 0000 0000 001E,-64.00,0.117,103.75,1439303054937354
3,0000 0000 0000 0000 0000 001E,-61.50,5.197,-28.0625,1439303055138479
3,0000 0000 0000 0000 0000 001E,-60.00,4.933,57.3125,1439303055187398
1,0000 0000 0000 0000 0000 001E,-62.50,1.896,101.3125,1439303055372147
1,0000 0000 0000 0000 0000 001E,-63.50,2.368,-124.5,1439303055398490
3,0000 0000 0000 0000 0000 001E,-62.00,0.436,-145.25,1439303055551369
3,0000 0000 0000 0000 0000 001E,-62.00,0.196,-46.375,1439303055594519
1,0000 0000 0000 0000 0000 001E,-66.50,5.393,-1.625,1439303055789582
1,0000 0000 0000 0000 0000 001E,-65.00,2.117,18.25,1439303055807005
3,0000 0000 0000 0000 0000 001E,-62.00,4.577,57.3125,1439303055983341
3,0000 0000 0000 0000 0000 001E,-61.00,4.706,39.0625,1439303056042168
1,0000 0000 0000 0000 0000 001E,-64.00,5.363,41.5,1439303056213433
1,0000 0000 0000 0000 0000 001E,-64.50,6.038,1.5625,1439303056295243
3,0000 0000 0000 0000 0000 001E,-63.00,1.356,-0.1875,1439303056440849
3,0000 0000 0000 0000 0000 001E,-60.50,4.657,-75.625,1439303056457878
1,0000 0000 0000 0000 0000 001E,-67.00,4.197,3.5,1439303056626631
1,0000 0000 0000 0000 0000 001E,-66.50,1.178,-13.375,1439303056642473
3,0000 0000 0000 0000 0000 001E,-61.50,5.940,23.1875,1439303056802467
3,0000 0000 0000 0000 0000 001E,-60.50,6.111,-114.6875,1439303056849074
4,0000 0000 0000 0000 0000 001E,-64.00,1.896,220.9375,1439303056930188
4,0000 0000 0000 0000 0000 001E,-65.50,2.092,4.875,1439303056981458
1,0000 0000 0000 0000 0000 001E,-63.50,5.240,-46.375,1439303057045202
1,0000 0000 0000 0000 0000 001E,-62.50,2.939,36.5625,1439303057086657
3,0000 0000 0000 0000 0000 001E,-62.50,0.368,59.8125,1439303057245643
3,0000 0000 0000 0000 0000 001E,-60.50,5.884,-52.4375,1439303057294103
1,0000 0000 0000 0000 0000 001E,-64.50,1.466,-80.5625,1439303057419780
1,0000 0000 0000 0000 0000 001E,-65.50,1.295,-23.1875,1439303057448404
4,0000 0000 0000 0000 0000 001E,-64.00,1.276,119.625,1439303057656077
1,0000 0000 0000 0000 0000 001E,-65.00,4.399,0,1439303057855831
3,0000 0000 0000 0000 0000 001E,-61.50,2.276,36.5625,1439303058059945
3,0000 0000 0000 0000 0000 001E,-60.50,1.068,46.375,1439303058159339
4,0000 0000 0000 0000 0000 001E,-68.00,2.129,-0.625,1439303058221589
4,0000 0000 0000 0000 0000 001E,-69.00,1.976,0.8125,1439303058275160
1,0000 0000 0000 0000 0000 001E,-62.50,1.786,-20.75,1439303058320875
1,0000 0000 0000 0000 0000 001E,-62.50,1.724,73.1875,1439303058396444
3,0000 0000 0000 0000 0000 001E,-61.50,2.589,34.125,1439303058558134
3,0000 0000 0000 0000 0000 001E,-62.00,2.608,18.25,1439303058621507
1,0000 0000 0000 0000 0000 001E,-62.50,2.528,2.4375,1439303058794275
1,0000 0000 0000 0000 0000 001E,-63.00,2.270,46.375,1439303058855142
3,0000 0000 0000 0000 0000 001E,-61.50,4.105,-2.4375,1439303059027078
3,0000 0000 0000 0000 0000 001E,-61.50,4.191,0,1439303059085492
4,0000 0000 0000 0000 0000 001E,-63.50,2.411,50,1439303059153745
4,0000 0000 0000 0000 0000 001E,-64.50,2.350,167.1875,1439303059204758
1,0000 0000 0000 0000 0000 001E,-64.50,5.283,145.25,1439303059285593
1,0000 0000 0000 0000 0000 001E,-63.50,5.676,-59.8125,1439303059332433
3,0000 0000 0000 0000 0000 001E,-62.50,5.136,-80.5625,1439303059492726
4,0000 0000 0000 0000 0000 001E,-64.50,0.012,57.3125,1439303059671592
1,0000 0000 0000 0000 0000 001E,-64.50,4.025,-20.75,1439303059749958
4,0000 0000 0000 0000 0000 001E,-69.50,4.982,0.375,1439303060049450
4,0000 0000 0000 0000 0000 001E,-69.50,4.989,-0.4375,1439303060128400
1,0000 0000 0000 0000 0000 001E,-65.00,3.657,-70.75,1439303060153656
3,0000 0000 0000 0000 0000 001E,-62.50,5.467,-4.875,1439303060439893
1,0000 0000 0000 0000 0000 001E,-65.00,3.921,41.5,1439303060595058
1,0000 0000 0000 0000 0000 001E,-65.00,3.958,109.8125,1439303060631310
3,0000 0000 0000 0000 0000 001E,-61.50,1.743,128.125,1439303060761690
3,0000 0000 0000 0000 0000 001E,-61.00,3.835,28.0625,1439303060843879
1,0000 0000 0000 0000 0000 001E,-64.00,2.669,-57.3125,1439303061008704
1,0000 0000 0000 0000 0000 001E,-64.50,2.902,-15.8125,1439303061056494
3,0000 0000 0000 0000 0000 001E,-61.50,3.240,18.25,1439303061267927
3,0000 0000 0000 0000 0000 001E,-60.00,3.369,-142.8125,1439303061319670
1,0000 0000 0000 0000 0000 001E,-63.00,3.964,-78.125,1439303061472422
1,0000 0000 0000 0000 0000 001E,-67.00,0.675,1.5625,1439303061574570
3,0000 0000 0000 0000 0000 001E,-61.50,1.706,36.5625,1439303061774503
1,0000 0000 0000 0000 0000 001E,-65.50,2.037,-46.375,1439303061961478
3,0000 0000 0000 0000 0000 001E,-63.00,4.921,-1.0625,1439303062177179
3,0000 0000 0000 0000 0000 001E,-61.00,1.792,18.25,1439303062201296
4,0000 0000 0000 0000 0000 001E,-66.00,1.086,-0.25,1439303062310637
2,0000 0000 0000 0000 0000 001E,-71.00,4.344,5.0625,1439303062492595
2,0000 0000 0000 0000 0000 001E,-71.50,4.645,-1.0625,1439303062537234
3,0000 0000 0000 0000 0000 001E,-63.50,0.411,0.75,1439303062619618
3,0000 0000 0000 0000 0000 001E,-60.50,2.908,39.0625,1439303062959983
3,0000 0000 0000 0000 0000 001E,-61.00,2.958,39.0625,1439303062995726
1,0000 0000 0000 0000 0000 001E,-62.50,1.264,62.25,1439303063155067
1,0000 0000 0000 0000 0000 001E,-63.00,1.295,-41.5,1439303063190821
3,0000 0000 0000 0000 0000 001E,-63.00,1.331,93.9375,1439303063366428
3,0000 0000 0000 0000 0000 001E,-63.00,1.546,-91.5,1439303063428897
1,0000 0000 0000 0000 0000 001E,-64.00,3.178,109.8125,1439303063572872
1,0000 0000 0000 0000 0000 001E,-64.50,3.878,-206.25,1439303063625685
3,0000 0000 0000 0000 0000 001E,-61.50,0.896,-43.9375,1439303063865345
3,0000 0000 0000 0000 0000 001E,-61.00,4.393,-50,1439303063950744
1,0000 0000 0000 0000 0000 001E,-62.50,0.436,-167.1875,1439303064110185
1,0000 0000 0000 0000 0000 001E,-63.50,0.331,-41.5,1439303064149351
3,0000 0000 0000 0000 0000 001E,-62.00,0.927,57.3125,1439303064312591
3,0000 0000 0000 0000 0000 001E,-63.50,0.927,23.1875,1439303064344640
3,0000 0000 0000 0000 0000 001E,-62.00,0.810,-117.1875,1439303064730187
3,0000 0000 0000 0000 0000 001E,-63.00,0.601,-13.375,1439303064754731
1,0000 0000 0000 0000 0000 001E,-66.00,5.927,1.1875,1439303064961307
1,0000 0000 0000 0000 0000 001E,-65.00,2.872,-52.4375,1439303064981424
1,0000 0000 0000 0000 0000 001E,-66.50,0.620,142.8125,1439303065370160
1,0000 0000 0000 0000 0000 001E,-64.50,0.620,39.0625,1439303065427345
3,0000 0000 0000 0000 0000 001E,-63.50,6.001,1.75,1439303065647356
3,0000 0000 0000 0000 0000 001E,-61.00,5.958,70.75,1439303065674104
4,0000 0000 0000 0000 0000 001E,-66.00,3.313,1.0625,1439303065808589
4,0000 0000 0000 0000 0000 001E,-66.50,0.430,-2.25,1439303065855686
3,0000 0000 0000 0000 0000 001E,-61.50,0.454,-91.5,1439303066097141
3,0000 0000 0000 0000 0000 001E,-62.00,1.700,-0.9375,1439303066170210
1,0000 0000 0000 0000 0000 001E,-66.50,3.559,0.8125,1439303066318196
1,0000 0000 0000 0000 0000 001E,-66.50,5.602,-39.0625,1439303066356393
3,0000 0000 0000 0000 0000 001E,-62.00,3.485,-20.75,1439303066489191
3,0000 0000 0000 0000 0000 001E,-62.00,3.056,184.3125,1439303066543979
4,0000 0000 0000 0000 0000 001E,-64.00,4.044,-338.125,1439303066608494
4,0000 0000 0000 0000 0000 001E,-65.00,3.835,-135.4375,1439303066647769
1,0000 0000 0000 0000 0000 001E,-62.50,6.271,-36.5625,1439303066707135
1,0000 0000 0000 0000 0000 001E,-64.50,1.135,0,1439303066772294
3,0000 0000 0000 0000 0000 001E,-62.00,2.276,-0.125,1439303066918958
3,0000 0000 0000 0000 0000 001E,-62.00,0.000,-130.5625,1439303066969551
1,0000 0000 0000 0000 0000 001E,-65.00,1.571,-75.625,1439303067109990
1,0000 0000 0000 0000 0000 001E,-63.50,5.289,-62.25,1439303067170065
3,0000 0000 0000 0000 0000 001E,-61.50,3.547,-50,1439303067323983
1,0000 0000 0000 0000 0000 001E,-64.00,1.135,161.125,1439303067576384
3,0000 0000 0000 0000 0000 001E,-61.00,5.645,7.3125,1439303067730688
3,0000 0000 0000 0000 0000 001E,-62.00,2.933,-28.0625,1439303067790675
4,0000 0000 0000 0000 0000 001E,-64.50,1.559,-112.25,1439303067854045
4,0000 0000 0000 0000 0000 001E,-63.50,1.540,0,1439303067897611
3,0000 0000 0000 0000 0000 001E,-63.50,2.283,59.8125,1439303068107633
3,0000 0000 0000 0000 0000 001E,-64.00,5.676,0.4375,1439303068152825
1,0000 0000 0000 0000 0000 001E,-67.00,1.227,-0.1875,1439303068310997
3,0000 0000 0000 0000 0000 001E,-62.00,1.129,-2.4375,1439303068487869
3,0000 0000 0000 0000 0000 001E,-61.50,1.055,31.6875,1439303068542512
4,0000 0000 0000 0000 0000 001E,-71.50,5.786,0.4375,1439303068628768
1,0000 0000 0000 0000 0000 001E,-62.50,1.976,-70.75,1439303068768398
3,0000 0000 0000 0000 0000 001E,-62.00,2.767,-28.0625,1439303068925677
3,0000 0000 0000 0000 0000 001E,-61.50,2.688,-25.625,1439303068979114
1,0000 0000 0000 0000 0000 001E,-64.00,2.810,-67.125,1439303069139932
1,0000 0000 0000 0000 0000 001E,-63.50,6.007,-62.25,1439303069220801
3,0000 0000 0000 0000 0000 001E,-62.50,4.215,39.0625,1439303069333330
3,0000 0000 0000 0000 0000 001E,-63.50,0.749,-0.5,1439303069419291
4,0000 0000 0000 0000 0000 001E,-67.00,5.835,-1.25,1439303069487372
4,0000 0000 0000 0000 0000 001E,-66.50,2.430,122.0625,1439303069514089
3,0000 0000 0000 0000 0000 001E,-63.50,5.142,-1.1875,1439303069796279
3,0000 0000 0000 0000 0000 001E,-63.50,0.092,-0.1875,1439303070166560
1,0000 0000 0000 0000 0000 001E,-66.00,2.810,-75.625,1439303070406087
3,0000 0000 0000 0000 0000 001E,-62.00,1.049,-75.625,1439303070544271
3,0000 0000 0000 0000 0000 001E,-62.50,5.308,4.875,1439303070607673
1,0000 0000 0000 0000 0000 001E,-63.00,1.012,23.1875,1439303070761514
1,0000 0000 0000 0000 0000 001E,-64.00,3.737,137.9375,1439303070815592
3,0000 0000 0000 0000 0000 001E,-61.00,2.160,-64.6875,1439303070958257
3,0000 0000 0000 0000 0000 001E,-61.00,3.491,145.25,1439303071019094
4,0000 0000 0000 0000 0000 001E,-73.50,0.693,0.8125,1439303071098288
1,0000 0000 0000 0000 0000 001E,-66.00,2.301,70.75,1439303071219867
3,0000 0000 0000 0000 0000 001E,-63.00,3.755,-0.375,1439303071348492
1,0000 0000 0000 0000 0000 001E,-65.50,5.099,124.5,1439303071575989
3,0000 0000 0000 0000 0000 001E,-61.00,1.890,39.0625,1439303071742107
1,0000 0000 0000 0000 0000 001E,-66.50,3.749,-7.3125,1439303071996834
4,0000 0000 0000 0000 0000 001E,-68.50,6.025,-1.25,1439303072283349
1,0000 0000 0000 0000 0000 001E,-64.50,3.792,-54.875,1439303072349082
1,0000 0000 0000 0000 0000 001E,-65.00,3.639,-28.0625,1439303072395056
1,0000 0000 0000 0000 0000 001E,-68.50,5.283,-1.125,1439303072768750
3,0000 0000 0000 0000 0000 001E,-62.50,1.755,-10.9375,1439303072941652
3,0000 0000 0000 0000 0000 001E,-63.00,1.724,34.125,1439303072972626
4,0000 0000 0000 0000 0000 001E,-71.00,0.264,1.25,1439303073068926
1,0000 0000 0000 0000 0000 001E,-65.50,4.946,-31.6875,1439303073129792
1,0000 0000 0000 0000 0000 001E,-65.00,4.761,156.25,1439303073167344
3,0000 0000 0000 0000 0000 001E,-63.50,5.522,-0.8125,1439303073354834
3,0000 0000 0000 0000 0000 001E,-64.00,5.559,-0.625,1439303073402712
1,0000 0000 0000 0000 0000 001E,-65.00,3.952,18.25,1439303073539079
3,0000 0000 0000 0000 0000 001E,-62.00,1.117,169.625,1439303073798877
4,0000 0000 0000 0000 0000 001E,-67.50,4.001,0.4375,1439303073885632
4,0000 0000 0000 0000 0000 001E,-67.50,0.859,0.25,1439303073910224
1,0000 0000 0000 0000 0000 001E,-67.00,2.013,163.5625,1439303073943605
1,0000 0000 0000 0000 0000 001E,-65.50,2.847,-239.25,1439303073989949
3,0000 0000 0000 0000 0000 001E,-61.00,4.013,59.8125,1439303074155890
3,0000 0000 0000 0000 0000 001E,-60.50,4.320,-39.0625,1439303074218407
1,0000 0000 0000 0000 0000 001E,-63.00,0.153,0,1439303074361920
1,0000 0000 0000 0000 0000 001E,-63.50,0.135,-2.4375,1439303074402825
3,0000 0000 0000 0000 0000 001E,-62.00,1.387,-89.0625,1439303074569164
3,0000 0000 0000 0000 0000 001E,-61.50,1.006,124.5,1439303074634978
1,0000 0000 0000 0000 0000 001E,-62.50,3.123,62.25,1439303074860954
3,0000 0000 0000 0000 0000 001E,-61.00,0.847,23.1875,1439303075101555
3,0000 0000 0000 0000 0000 001E,-61.50,5.228,-109.8125,1439303075485190
3,0000 0000 0000 0000 0000 001E,-60.50,5.222,-78.125,1439303075534304
1,0000 0000 0000 0000 0000 001E,-62.50,2.184,98.875,1439303075708164
1,0000 0000 0000 0000 0000 001E,-63.50,2.215,-10.9375,1439303075768955
4,0000 0000 0000 0000 0000 001E,-66.50,0.337,-0.25,1439303076040554
3,0000 0000 0000 0000 0000 001E,-61.00,4.712,43.9375,1439303076310645
3,0000 0000 0000 0000 0000 001E,-60.00,4.792,43.9375,1439303076352129
3,0000 0000 0000 0000 0000 001E,-61.50,4.559,-25.625,1439303076719120
3,0000 0000 0000 0000 0000 001E,-61.50,4.338,-4.875,1439303076772792
4,0000 0000 0000 0000 0000 001E,-65.50,3.583,20.75,1439303076823404
1,0000 0000 0000 0000 0000 001E,-65.00,1.098,-73.1875,1439303077000574
3,0000 0000 0000 0000 0000 001E,-60.50,6.118,-46.375,1439303077176818
3,0000 0000 0000 0000 0000 001E,-62.50,6.050,-0.25,1439303077236131
1,0000 0000 0000 0000 0000 001E,-65.50,5.265,-1.625,1439303077391585
1,0000 0000 0000 0000 0000 001E,-63.00,5.234,-34.125,1439303077417383
3,0000 0000 0000 0000 0000 001E,-62.00,0.761,-117.1875,1439303077557932
3,0000 0000 0000 0000 0000 001E,-62.50,0.423,-39.0625,1439303077582216
1,0000 0000 0000 0000 0000 001E,-64.00,1.098,73.1875,1439303077760717
3,0000 0000 0000 0000 0000 001E,-64.00,6.148,-0.4375,1439303078041760
4,0000 0000 0000 0000 0000 001E,-64.00,1.730,-124.5,1439303078070760
3,0000 0000 0000 0000 0000 001E,-62.00,2.270,130.5625,1439303078418422
4,0000 0000 0000 0000 0000 001E,-71.00,6.277,-1.9375,1439303078515250
1,0000 0000 0000 0000 0000 001E,-65.00,2.945,62.25,1439303078591892
1,0000 0000 0000 0000 0000 001E,-65.00,3.264,-39.0625,1439303078631544
3,0000 0000 0000 0000 0000 001E,-62.50,5.860,20.75,1439303078834911
1,0000 0000 0000 0000 0000 001E,-67.00,1.485,1.1875,1439303079115413
3,0000 0000 0000 0000 0000 001E,-63.50,0.466,-270.9375,1439303079222676
3,0000 0000 0000 0000 0000 001E,-63.50,0.172,-0.8125,1439303079328282
1,0000 0000 0000 0000 0000 001E,-63.00,5.706,-98.875,1439303079550249
3,0000 0000 0000 0000 0000 001E,-63.00,3.847,2.4375,1439303079687008
3,0000 0000 0000 0000 0000 001E,-61.50,4.866,41.5,1439303079745389
4,0000 0000 0000 0000 0000 001E,-66.00,4.436,52.4375,1439303079796969
4,0000 0000 0000 0000 0000 001E,-68.00,1.405,-1.1875,1439303079859395
1,0000 0000 0000 0000 0000 001E,-63.00,0.620,-31.6875,1439303079884700
3,0000 0000 0000 0000 0000 001E,-62.00,2.166,54.875,1439303080138290
1,0000 0000 0000 0000 0000 001E,-64.50,5.081,-52.4375,1439303080315972
3,0000 0000 0000 0000 0000 001E,-61.50,1.031,39.0625,1439303080564825
3,0000 0000 0000 0000 0000 001E,-61.00,5.412,41.5,1439303080922184
3,0000 0000 0000 0000 0000 001E,-61.00,2.258,-10.9375,1439303080966074
1,0000 0000 0000 0000 0000 001E,-67.00,0.976,-0.625,1439303081135397
1,0000 0000 0000 0000 0000 001E,-64.50,3.927,130.5625,1439303081156811
3,0000 0000 0000 0000 0000 001E,-61.00,3.755,67.125,1439303081300457
3,0000 0000 0000 0000 0000 001E,-60.50,3.553,167.1875,1439303081342654
4,0000 0000 0000 0000 0000 001E,-69.50,4.663,-1.1875,1439303081438630
4,0000 0000 0000 0000 0000 001E,-69.00,4.700,0.4375,1439303081465197
1,0000 0000 0000 0000 0000 001E,-64.50,2.399,101.3125,1439303081495842
1,0000 0000 0000 0000 0000 001E,-64.00,2.546,-54.875,1439303081540338
3,0000 0000 0000 0000 0000 001E,-61.50,3.405,-114.6875,1439303081724062
3,0000 0000 0000 0000 0000 001E,-62.50,1.902,83,1439303081779077
1,0000 0000 0000 0000 0000 001E,-65.00,4.185,-179.4375,1439303081908201
1,0000 0000 0000 0000 0000 001E,-64.00,3.927,-23.1875,1439303081943800
3,0000 0000 0000 0000 0000 001E,-61.00,1.835,-25.625,1439303082133330
3,0000 0000 0000 0000 0000 001E,-62.00,1.957,-15.8125,1439303082171214
1,0000 0000 0000 0000 0000 001E,-64.00,1.933,-13.375,1439303082325960
1,0000 0000 0000 0000 0000 001E,-65.50,4.191,-172.0625,1439303082392165
3,0000 0000 0000 0000 0000 001E,-61.00,1.473,142.8125,1439303082528054
3,0000 0000 0000 0000 0000 001E,-63.00,2.295,122.0625,1439303082598900
3,0000 0000 0000 0000 0000 001E,-63.00,0.362,124.5,1439303082994090
3,0000 0000 0000 0000 0000 001E,-62.50,1.908,78.125,1439303083044740
3,0000 0000 0000 0000 0000 001E,-61.50,2.964,-89.0625,1439303083396629
3,0000 0000 0000 0000 0000 001E,-64.00,5.473,2.4375,1439303083468288
1,0000 0000 0000 0000 0000 001E,-66.50,0.914,0.25,1439303083667426
3,0000 0000 0000 0000 0000 001E,-62.50,1.448,-10.9375,1439303083770018
3,0000 0000 0000 0000 0000 001E,-61.50,1.411,-23.1875,1439303083812304
1,0000 0000 0000 0000 0000 001E,-66.50,0.350,-0.8125,1439303083990814
1,0000 0000 0000 0000 0000 001E,-65.50,2.350,7.3125,1439303084024597
2,0000 0000 0000 0000 0000 001E,-71.50,5.571,-1.75,1439303084118759
3,0000 0000 0000 0000 0000 001E,-61.00,0.742,-64.6875,1439303084182802
3,0000 0000 0000 0000 0000 001E,-60.50,3.964,62.25,1439303084230788
1,0000 0000 0000 0000 0000 001E,-66.50,5.970,0.1875,1439303084384190
1,0000 0000 0000 0000 0000 001E,-65.00,6.062,50,1439303084413392
3,0000 0000 0000 0000 0000 001E,-63.50,1.601,0.5,1439303084562483
3,0000 0000 0000 0000 0000 001E,-62.50,4.541,106.1875,1439303084576023
1,0000 0000 0000 0000 0000 001E,-65.50,3.565,106.1875,1439303084752256
1,0000 0000 0000 0000 0000 001E,-65.50,3.632,-31.6875,1439303084805312
1,0000 0000 0000 0000 0000 001E,-64.50,3.559,-98.875,1439303085156650
1,0000 0000 0000 0000 0000 001E,-66.00,0.104,-0.1875,1439303085575069
3,0000 0000 0000 0000 0000 001E,-60.50,5.344,-75.625,1439303085728358
1,0000 0000 0000 0000 0000 001E,-62.00,2.387,-98.875,1439303085899585
1,0000 0000 0000 0000 0000 001E,-61.50,2.399,-62.25,1439303085970671
1,0000 0000 0000 0000 0000 001E,-64.50,1.792,211.125,1439303086327471
1,0000 0000 0000 0000 0000 001E,-66.50,2.068,96.375,1439303086380287
3,0000 0000 0000 0000 0000 001E,-61.00,4.522,234.375,1439303086535348
3,0000 0000 0000 0000 0000 001E,-61.00,4.884,39.0625,1439303086577263
1,0000 0000 0000 0000 0000 001E,-64.00,5.252,89.0625,1439303086728134
1,0000 0000 0000 0000 0000 001E,-64.00,5.240,83,1439303086789196
2,0000 0000 0000 0000 0000 001E,-71.50,1.215,-1.4375,1439303086881331
3,0000 0000 0000 0000 0000 001E,-62.50,4.301,25.625,1439303086998239
3,0000 0000 0000 0000 0000 001E,-62.00,6.019,18.25,1439303087383857
3,0000 0000 0000 0000 0000 001E,-61.50,5.731,187.9375,1439303087433853
4,0000 0000 0000 0000 0000 001E,-64.50,1.939,234.375,1439303087503566
4,0000 0000 0000 0000 0000 001E,-65.00,2.178,103.75,1439303087570986
1,0000 0000 0000 0000 0000 001E,-63.00,2.810,130.5625,1439303087660313
1,0000 0000 0000 0000 0000 001E,-63.00,3.111,-2.4375,1439303087678638
3,0000 0000 0000 0000 0000 001E,-61.00,0.215,64.6875,1439303087816313
3,0000 0000 0000 0000 0000 001E,-61.00,5.737,46.375,1439303087905454
3,0000 0000 0000 0000 0000 001E,-64.00,2.540,-50,1439303088321614
4,0000 0000 0000 0000 0000 001E,-71.50,6.118,0,1439303088503268
1,0000 0000 0000 0000 0000 001E,-66.00,4.007,187.9375,1439303088563835
3,0000 0000 0000 0000 0000 001E,-63.00,4.215,0.1875,1439303088744727
3,0000 0000 0000 0000 0000 001E,-62.00,0.828,167.1875,1439303088769045
4,0000 0000 0000 0000 0000 001E,-71.00,5.835,-1.0625,1439303088940526
1,0000 0000 0000 0000 0000 001E,-62.00,1.988,46.375,1439303088959653
1,0000 0000 0000 0000 0000 001E,-62.50,1.767,15.8125,1439303088994688
3,0000 0000 0000 0000 0000 001E,-61.50,2.645,7.3125,1439303089169655
3,0000 0000 0000 0000 0000 001E,-63.00,5.811,0.0625,1439303089241159
1,0000 0000 0000 0000 0000 001E,-63.00,2.362,117.1875,1439303089387198
1,0000 0000 0000 0000 0000 001E,-63.50,2.638,-23.1875,1439303089403694
3,0000 0000 0000 0000 0000 001E,-62.50,4.350,36.5625,1439303089592602
3,0000 0000 0000 0000 0000 001E,-62.50,4.013,54.875,1439303089633559
4,0000 0000 0000 0000 0000 001E,-64.50,2.614,10.9375,1439303089704874
1,0000 0000 0000 0000 0000 001E,-64.00,5.369,-59.8125,1439303089861878
3,0000 0000 0000 0000 0000 001E,-62.00,5.314,-62.25,1439303090063395
3,0000 0000 0000 0000 0000 001E,-62.50,5.105,-10.9375,1439303090094344
4,0000 0000 0000 0000 0000 001E,-67.50,0.344,-0.25,1439303090181349
4,0000 0000 0000 0000 0000 001E,-66.50,2.289,-112.25,1439303090559497
4,0000 0000 0000 0000 0000 001E,-68.50,5.216,-0.9375,1439303090626207
1,0000 0000 0000 0000 0000 001E,-65.50,3.209,36.5625,1439303090649767
3,0000 0000 0000 0000 0000 001E,-62.00,0.963,70.75,1439303090891043
1,0000 0000 0000 0000 0000 001E,-62.50,0.976,-10.9375,1439303091059679
1,0000 0000 0000 0000 0000 001E,-62.00,1.129,-31.6875,1439303091093605
3,0000 0000 0000 0000 0000 001E,-61.50,1.792,190.375,1439303091280024
3,0000 0000 0000 0000 0000 001E,-61.00,2.338,-91.5,1439303091321341
4,0000 0000 0000 0000 0000 001E,-73.00,0.963,-0.5,1439303091400461
4,0000 0000 0000 0000 0000 001E,-73.00,0.933,4,1439303091440737
1,0000 0000 0000 0000 0000 001E,-65.50,5.479,187.9375,1439303091476637
1,0000 0000 0000 0000 0000 001E,-64.50,5.860,-2.4375,1439303091516919
3,0000 0000 0000 0000 0000 001E,-62.50,0.589,-7.3125,1439303091717098
3,0000 0000 0000 0000 0000 001E,-61.50,1.749,89.0625,1439303092060323
3,0000 0000 0000 0000 0000 001E,-62.00,2.098,-46.375,1439303092105551
4,0000 0000 0000 0000 0000 001E,-69.00,5.387,2,1439303092192365
4,0000 0000 0000 0000 0000 001E,-66.00,2.516,-275.875,1439303092235517
1,0000 0000 0000 0000 0000 001E,-65.50,3.166,299.0625,1439303092275701
1,0000 0000 0000 0000 0000 001E,-64.50,1.963,-46.375,1439303092346625
3,0000 0000 0000 0000 0000 001E,-61.50,0.061,0,1439303092505797
3,0000 0000 0000 0000 0000 001E,-62.00,1.638,197.75,1439303092594127
4,0000 0000 0000 0000 0000 001E,-68.00,5.903,0.0625,1439303092690422
4,0000 0000 0000 0000 0000 001E,-65.00,1.356,-117.1875,1439303092788905
1,0000 0000 0000 0000 0000 001E,-65.50,4.271,-20.75,1439303092827481
1,0000 0000 0000 0000 0000 001E,-64.50,4.688,-34.125,1439303092869211
3,0000 0000 0000 0000 0000 001E,-62.00,0.264,85.4375,1439303093027475
3,0000 0000 0000 0000 0000 001E,-62.50,0.104,140.375,1439303093076260
4,0000 0000 0000 0000 0000 001E,-68.00,3.780,0.5,1439303093136293
1,0000 0000 0000 0000 0000 001E,-65.50,4.142,122.0625,1439303093292122
3,0000 0000 0000 0000 0000 001E,-61.00,2.614,169.625,1439303093470372
3,0000 0000 0000 0000 0000 001E,-62.00,2.786,39.0625,1439303093527324
1,0000 0000 0000 0000 0000 001E,-62.50,1.552,-50,1439303093710472
1,0000 0000 0000 0000 0000 001E,-62.50,1.430,34.125,1439303093752188
3,0000 0000 0000 0000 0000 001E,-62.50,1.632,-67.125,1439303093909673
3,0000 0000 0000 0000 0000 001E,-60.50,1.313,13.375,1439303093968726
4,0000 0000 0000 0000 0000 001E,-69.00,5.535,-1.0625,1439303094057088
1,0000 0000 0000 0000 0000 001E,-64.00,3.510,43.9375,1439303094115083
1,0000 0000 0000 0000 0000 001E,-68.00,5.516,-0.875,1439303094211651
3,0000 0000 0000 0000 0000 001E,-62.50,0.712,31.6875,1439303094319380
3,0000 0000 0000 0000 0000 001E,-60.00,4.332,-52.4375,1439303094366576
1,0000 0000 0000 0000 0000 001E,-65.50,6.062,-15.8125,1439303094504766
1,0000 0000 0000 0000 0000 001E,-62.50,0.049,83,1439303094559324
3,0000 0000 0000 0000 0000 001E,-62.00,4.719,52.4375,1439303094711713
3,0000 0000 0000 0000 0000 001E,-62.50,1.123,41.5,1439303094768711
1,0000 0000 0000 0000 0000 001E,-65.00,3.712,23.1875,1439303094940036
2,0000 0000 0000 0000 0000 001E,-72.50,5.713,1.4375,1439303095114251
3,0000 0000 0000 0000 0000 001E,-61.00,1.393,-10.9375,1439303095138256
3,0000 0000 0000 0000 0000 001E,-61.50,0.675,20.75,1439303095214474
1,0000 0000 0000 0000 0000 001E,-66.00,5.940,0,1439303095402867
1,0000 0000 0000 0000 0000 001E,-65.00,2.626,7.3125,1439303095427317
3,0000 0000 0000 0000 0000 001E,-59.50,4.547,-10.9375,1439303095577041
3,0000 0000 0000 0000 0000 001E,-61.00,4.596,-50,1439303095667610
1,0000 0000 0000 0000 0000 001E,-65.00,0.675,130.5625,1439303095821406
1,0000 0000 0000 0000 0000 001E,-63.50,0.890,-57.3125,1439303095853100
3,0000 0000 0000 0000 0000 001E,-62.00,6.216,-36.5625,1439303096024824
3,0000 0000 0000 0000 0000 001E,-61.00,5.946,15.8125,1439303096063066
1,0000 0000 0000 0000 0000 001E,-66.50,2.006,-64.6875,1439303096199681
1,0000 0000 0000 0000 0000 001E,-69.50,5.044,-1.3125,1439303096260276
3,0000 0000 0000 0000 0000 001E,-61.00,0.393,-4.875,1439303096400911
3,0000 0000 0000 0000 0000 001E,-63.00,0.362,0.0625,1439303096450276
4,0000 0000 0000 0000 0000 001E,-71.00,1.325,0.375,1439303096504668
1,0000 0000 0000 0000 0000 001E,-65.00,0.344,15.8125,1439303096664808
3,0000 0000 0000 0000 0000 001E,-61.50,3.424,28.0625,1439303096811858
3,0000 0000 0000 0000 0000 001E,-59.50,3.485,41.5,1439303096863933
2,0000 0000 0000 0000 0000 001E,-70.50,1.233,0.4375,1439303097145553
4,0000 0000 0000 0000 0000 001E,-73.00,0.853,2,1439303097447354
1,0000 0000 0000 0000 0000 001E,-65.00,1.638,39.0625,1439303097471463
1,0000 0000 0000 0000 0000 001E,-66.00,1.651,43.9375,1439303097519653
1,0000 0000 0000 0000 0000 001E,-63.00,2.663,158.6875,1439303097938911
1,0000 0000 0000 0000 0000 001E,-64.00,2.872,119.625,1439303098002274
4,0000 0000 0000 0000 0000 001E,-64.50,1.779,-106.1875,1439303098269135
4,0000 0000 0000 0000 0000 001E,-65.50,1.614,-128.125,1439303098328785
3,0000 0000 0000 0000 0000 001E,-62.50,2.669,-103.75,1439303098590513
3,0000 0000 0000 0000 0000 001E,-62.00,2.307,34.125,1439303098644775
1,0000 0000 0000 0000 0000 001E,-66.00,4.473,-73.1875,1439303098787372
1,0000 0000 0000 0000 0000 001E,-64.00,3.277,-80.5625,1439303098879938
3,0000 0000 0000 0000 0000 001E,-61.00,1.233,-18.25,1439303099010734
4,0000 0000 0000 0000 0000 001E,-72.00,5.958,-1.25,1439303099191623
1,0000 0000 0000 0000 0000 001E,-63.50,1.970,0,1439303099214830
1,0000 0000 0000 0000 0000 001E,-65.50,4.154,158.6875,1439303099281639
3,0000 0000 0000 0000 0000 001E,-62.50,0.528,-112.25,1439303099437421
3,0000 0000 0000 0000 0000 001E,-63.00,0.282,-80.5625,1439303099485085
1,0000 0000 0000 0000 0000 001E,-63.00,5.755,-31.6875,1439303099625403
1,0000 0000 0000 0000 0000 001E,-62.50,5.479,124.5,1439303099674169
3,0000 0000 0000 0000 0000 001E,-61.50,3.927,25.625,1439303099868120
3,0000 0000 0000 0000 0000 001E,-61.50,3.835,-39.0625,1439303099924162
4,0000 0000 0000 0000 0000 001E,-65.00,2.638,18.25,1439303099987871
1,0000 0000 0000 0000 0000 001E,-61.00,0.515,-15.8125,1439303100172983
3,0000 0000 0000 0000 0000 001E,-63.50,5.479,-1.125,1439303100360525
3,0000 0000 0000 0000 0000 001E,-62.00,2.197,-23.1875,1439303100373400
4,0000 0000 0000 0000 0000 001E,-65.00,1.743,-41.5,1439303100437553
4,0000 0000 0000 0000 0000 001E,-64.50,1.902,-41.5,1439303100499885
1,0000 0000 0000 0000 0000 001E,-64.50,4.620,39.0625,1439303100569949
1,0000 0000 0000 0000 0000 001E,-66.00,3.436,124.5,1439303100681778
3,0000 0000 0000 0000 0000 001E,-62.50,1.411,-80.5625,1439303100841193
3,0000 0000 0000 0000 0000 001E,-61.50,1.313,-52.4375,1439303100921950
1,0000 0000 0000 0000 0000 001E,-62.50,1.031,7.3125,1439303101098567
1,0000 0000 0000 0000 0000 001E,-62.00,1.117,-85.4375,1439303101148260
3,0000 0000 0000 0000 0000 001E,-62.50,1.835,158.6875,1439303101295084
3,0000 0000 0000 0000 0000 001E,-61.50,2.295,-46.375,1439303101349882
4,0000 0000 0000 0000 0000 001E,-70.00,5.811,-0.4375,1439303101428122
1,0000 0000 0000 0000 0000 001E,-64.50,5.970,-101.3125,1439303101540915
3,0000 0000 0000 0000 0000 001E,-62.50,0.565,46.375,1439303101715738
3,0000 0000 0000 0000 0000 001E,-63.00,0.632,-0.5,1439303101794097
4,0000 0000 0000 0000 0000 001E,-70.50,1.344,1.1875,1439303101830325
4,0000 0000 0000 0000 0000 001E,-72.00,0.485,0.75,1439303101884687
1,0000 0000 0000 0000 0000 001E,-64.00,5.516,-41.5,1439303101926524
1,0000 0000 0000 0000 0000 001E,-66.50,5.160,0.8125,1439303102005056
3,0000 0000 0000 0000 0000 001E,-63.50,2.270,-151.3125,1439303102151474
4,0000 0000 0000 0000 0000 001E,-68.00,6.246,0.0625,1439303102231296
3,0000 0000 0000 0000 0000 001E,-63.00,6.277,0.9375,1439303102541464
3,0000 0000 0000 0000 0000 001E,-63.00,0.067,-0.125,1439303102591435
1,0000 0000 0000 0000 0000 001E,-65.50,3.430,140.375,1439303102738385
4,0000 0000 0000 0000 0000 001E,-65.50,1.411,-137.9375,1439303103025644
4,0000 0000 0000 0000 0000 001E,-65.00,0.933,2.4375,1439303103067360
1,0000 0000 0000 0000 0000 001E,-66.00,2.049,-46.375,1439303103118858
1,0000 0000 0000 0000 0000 001E,-65.50,2.013,-52.4375,1439303103176477
2,0000 0000 0000 0000 0000 001E,-72.50,4.890,-1.75,1439303103252397
3,0000 0000 0000 0000 0000 001E,-63.00,1.620,-57.3125,1439303103385537
1,0000 0000 0000 0000 0000 001E,-64.50,5.062,-85.4375,1439303103584622
1,0000 0000 0000 0000 0000 001E,-66.00,4.872,109.8125,1439303103643951
3,0000 0000 0000 0000 0000 001E,-63.00,4.602,-0.375,1439303104207024
3,0000 0000 0000 0000 0000 001E,-61.50,1.559,20.75,1439303104231487
1,0000 0000 0000 0000 0000 001E,-67.50,2.522,-128.125,1439303104395484
1,0000 0000 0000 0000 0000 001E,-67.00,2.123,184.3125,1439303104431099
3,0000 0000 0000 0000 0000 001E,-60.50,4.037,-13.375,1439303104623930
3,0000 0000 0000 0000 0000 001E,-61.00,4.068,28.0625,1439303104660205
1,0000 0000 0000 0000 0000 001E,-64.00,0.313,-0.375,1439303104832983
1,0000 0000 0000 0000 0000 001E,-63.50,0.264,-46.375,1439303104860437
3,0000 0000 0000 0000 0000 001E,-63.00,0.896,-36.5625,1439303104966552
3,0000 0000 0000 0000 0000 001E,-61.50,0.822,15.8125,1439303104994011
1,0000 0000 0000 0000 0000 001E,-65.00,3.485,-15.8125,1439303105098149
1,0000 0000 0000 0000 0000 001E,-65.50,2.798,145.25,1439303105166140
3,0000 0000 0000 0000 0000 001E,-61.50,1.614,-117.1875,1439303105316784
3,0000 0000 0000 0000 0000 001E,-62.00,0.969,31.6875,1439303105386983
3,0000 0000 0000 0000 0000 001E,-61.50,0.847,-4.875,1439303105682366
3,0000 0000 0000 0000 0000 001E,-62.50,0.742,15.8125,1439303105727220
1,0000 0000 0000 0000 0000 001E,-65.00,0.221,-34.125,1439303105881018
1,0000 0000 0000 0000 0000 001E,-64.00,6.234,96.375,1439303105904505
3,0000 0000 0000 0000 0000 001E,-61.50,4.970,-7.3125,1439303106046815
3,0000 0000 0000 0000 0000 001E,-61.50,5.265,-114.6875,1439303106094767
1,0000 0000 0000 0000 0000 001E,-63.00,2.160,34.125,1439303106259743
1,0000 0000 0000 0000 0000 001E,-63.00,2.313,31.6875,1439303106302400
3,0000 0000 0000 0000 0000 001E,-63.50,0.215,0.875,1439303106499248
3,0000 0000 0000 0000 0000 001E,-61.00,0.245,-36.5625,1439303106524112
1,0000 0000 0000 0000 0000 001E,-64.50,2.227,57.3125,1439303106721334
1,0000 0000 0000 0000 0000 001E,-66.00,0.380,-25.625,1439303106771997
3,0000 0000 0000 0000 0000 001E,-62.50,3.399,137.9375,1439303106979032
1,0000 0000 0000 0000 0000 001E,-63.00,0.006,-36.5625,1439303107141203
1,0000 0000 0000 0000 0000 001E,-64.00,6.136,1.1875,1439303107214083
3,0000 0000 0000 0000 0000 001E,-62.50,2.233,0.4375,1439303107360617
3,0000 0000 0000 0000 0000 001E,-60.00,5.400,7.3125,1439303107369604
1,0000 0000 0000 0000 0000 001E,-64.50,1.282,-41.5,1439303107503508
3,0000 0000 0000 0000 0000 001E,-62.00,3.504,57.3125,1439303107836069
4,0000 0000 0000 0000 0000 001E,-65.50,2.356,-54.875,1439303107883316
1,0000 0000 0000 0000 0000 001E,-63.50,2.669,119.625,1439303108060402
3,0000 0000 0000 0000 0000 001E,-62.00,5.553,0.625,1439303108230004
3,0000 0000 0000 0000 0000 001E,-61.00,5.467,85.4375,1439303108248838
1,0000 0000 0000 0000 0000 001E,-65.00,4.841,-4.875,1439303108381247
1,0000 0000 0000 0000 0000 001E,-65.00,4.694,20.75,1439303108403738
3,0000 0000 0000 0000 0000 001E,-61.00,2.264,98.875,1439303108572933
3,0000 0000 0000 0000 0000 001E,-61.50,2.516,-20.75,1439303108646586
4,0000 0000 0000 0000 0000 001E,-67.00,3.835,0.5,1439303108727255
4,0000 0000 0000 0000 0000 001E,-66.50,0.773,0.8125,1439303108761359
3,0000 0000 0000 0000 0000 001E,-62.50,0.976,1.625,1439303109040443
3,0000 0000 0000 0000 0000 001E,-63.00,1.086,-0.0625,1439303109077724
4,0000 0000 0000 0000 0000 001E,-68.50,5.136,0.1875,1439303109139125
4,0000 0000 0000 0000 0000 001E,-71.50,5.590,2.875,1439303109194590
1,0000 0000 0000 0000 0000 001E,-63.00,1.779,0,1439303109232854
1,0000 0000 0000 0000 0000 001E,-62.00,1.651,-18.25,1439303109289373
3,0000 0000 0000 0000 0000 001E,-62.50,2.798,-67.125,1439303109447374
3,0000 0000 0000 0000 0000 001E,-61.00,2.749,-112.25,1439303109499409
1,0000 0000 0000 0000 0000 001E,-63.00,2.786,-85.4375,1439303109678757
1,0000 0000 0000 0000 0000 001E,-64.00,2.614,7.3125,1439303109741054
3,0000 0000 0000 0000 0000 001E,-62.00,4.215,0,1439303109882466
3,0000 0000 0000 0000 0000 001E,-63.50,1.074,0.375,1439303109952410
4,0000 0000 0000 0000 0000 001E,-66.00,3.148,7.3125,1439303109975009
4,0000 0000 0000 0000 0000 001E,-65.00,2.645,-10.9375,1439303110038348
1,0000 0000 0000 0000 0000 001E,-63.50,5.688,-80.5625,1439303110080866
1,0000 0000 0000 0000 0000 001E,-64.50,5.320,142.8125,1439303110136578
3,0000 0000 0000 0000 0000 001E,-61.50,5.295,-161.125,1439303110283997
3,0000 0000 0000 0000 0000 001E,-63.00,4.903,73.1875,1439303110327684
4,0000 0000 0000 0000 0000 001E,-64.50,0.295,-4.875,1439303110455957
4,0000 0000 0000 0000 0000 001E,-66.50,0.141,36.5625,1439303110497830
3,0000 0000 0000 0000 0000 001E,-63.00,0.129,-0.0625,1439303110757393
3,0000 0000 0000 0000 0000 001E,-62.50,3.172,18.25,1439303110774709
4,0000 0000 0000 0000 0000 001E,-68.50,4.976,-0.75,1439303110841454
4,0000 0000 0000 0000 0000 001E,-65.50,1.804,36.5625,1439303110860109
4,0000 0000 0000 0000 0000 001E,-69.00,4.264,0,1439303111167303
4,0000 0000 0000 0000 0000 001E,-68.50,4.160,2,1439303111206461
1,0000 0000 0000 0000 0000 001E,-63.50,0.896,-7.3125,1439303111258298
1,0000 0000 0000 0000 0000 001E,-63.00,0.982,46.375,1439303111300826
3,0000 0000 0000 0000 0000 001E,-63.00,5.246,-0.125,1439303111479223
3,0000 0000 0000 0000 0000 001E,-61.50,2.068,-20.75,1439303111512174
3,0000 0000 0000 0000 0000 001E,-62.00,0.466,-2.4375,1439303111872357
3,0000 0000 0000 0000 0000 001E,-62.00,0.411,-25.625,1439303111911967
1,0000 0000 0000 0000 0000 001E,-66.00,5.222,-50,1439303112079178
1,0000 0000 0000 0000 0000 001E,-65.00,5.099,73.1875,1439303112120629
1,0000 0000 0000 0000 0000 001E,-65.50,3.792,-52.4375,1439303112465850
1,0000 0000 0000 0000 0000 001E,-67.00,0.675,-0.9375,1439303112542717
3,0000 0000 0000 0000 0000 001E,-62.50,6.240,0.25,1439303112673134
3,0000 0000 0000 0000 0000 001E,-61.50,0.067,-62.25,1439303112702521
1,0000 0000 0000 0000 0000 001E,-67.00,0.540,-0.25,1439303112863898
3,0000 0000 0000 0000 0000 001E,-61.50,1.651,73.1875,1439303113015701
3,0000 0000 0000 0000 0000 001E,-63.50,5.848,1.5,1439303113084182
4,0000 0000 0000 0000 0000 001E,-64.50,1.589,-262.4375,1439303113174945
1,0000 0000 0000 0000 0000 001E,-65.50,1.841,73.1875,1439303113232865
1,0000 0000 0000 0000 0000 001E,-65.50,2.013,-151.3125,1439303113270166
2,0000 0000 0000 0000 0000 001E,-71.50,5.148,-5.375,1439303113388278
3,0000 0000 0000 0000 0000 001E,-63.00,1.473,109.8125,1439303113486749
3,0000 0000 0000 0000 0000 001E,-62.00,2.154,-101.3125,1439303113513241
1,0000 0000 0000 0000 0000 001E,-67.00,1.743,-0.125,1439303113750203
3,0000 0000 0000 0000 0000 001E,-64.00,5.522,-0.75,1439303113998823
1,0000 0000 0000 0000 0000 001E,-66.00,3.970,-70.75,1439303114135518
1,0000 0000 0000 0000 0000 001E,-65.50,3.810,140.375,1439303114158904
3,0000 0000 0000 0000 0000 001E,-62.00,1.405,34.125,1439303114285704
3,0000 0000 0000 0000 0000 001E,-63.00,1.442,0.0625,1439303114357093
1,0000 0000 0000 0000 0000 001E,-66.50,2.043,195.3125,1439303114487099
1,0000 0000 0000 0000 0000 001E,-67.00,2.479,28.0625,1439303114520120
3,0000 0000 0000 0000 0000 001E,-62.00,4.123,-20.75,1439303114692867
3,0000 0000 0000 0000 0000 001E,-62.00,4.252,-109.8125,1439303114769254
4,0000 0000 0000 0000 0000 001E,-67.50,0.804,0.0625,1439303114867783
4,0000 0000 0000 0000 0000 001E,-65.50,4.234,-18.25,1439303114899639
1,0000 0000 0000 0000 0000 001E,-62.50,0.344,20.75,1439303114966751
3,0000 0000 0000 0000 0000 001E,-62.50,1.019,20.75,1439303115225179
4,0000 0000 0000 0000 0000 001E,-69.00,4.982,-2.3125,1439303115342701
4,0000 0000 0000 0000 0000 001E,-68.00,4.633,1.5,1439303115383856
3,0000 0000 0000 0000 0000 001E,-63.00,0.706,-0.25,1439303115653708
3,0000 0000 0000 0000 0000 001E,-61.50,0.755,103.75,1439303115728078
4,0000 0000 0000 0000 0000 001E,-70.00,1.761,-1.75,1439303115812332
1,0000 0000 0000 0000 0000 001E,-65.00,0.319,20.75,1439303115880925
1,0000 0000 0000 0000 0000 001E,-65.50,0.356,-98.875,1439303115915906
1,0000 0000 0000 0000 0000 001E,-63.00,2.154,80.5625,1439303116314458
1,0000 0000 0000 0000 0000 001E,-63.00,2.430,-80.5625,1439303116364258
4,0000 0000 0000 0000 0000 001E,-67.50,3.516,-0.8125,1439303116633087
1,0000 0000 0000 0000 0000 001E,-65.00,2.289,13.375,1439303116699756
1,0000 0000 0000 0000 0000 001E,-65.00,2.553,-73.1875,1439303116762806
3,0000 0000 0000 0000 0000 001E,-61.00,4.614,89.0625,1439303116905457
3,0000 0000 0000 0000 0000 001E,-61.50,4.755,-50,1439303116949833
1,0000 0000 0000 0000 0000 001E,-66.50,5.663,-0.875,1439303117144199
3,0000 0000 0000 0000 0000 001E,-62.50,4.516,-4.875,1439303117305574
4,0000 0000 0000 0000 0000 001E,-65.50,3.731,-46.375,1439303117477780
1,0000 0000 0000 0000 0000 001E,-64.50,1.129,-7.3125,1439303117541133
1,0000 0000 0000 0000 0000 001E,-63.50,1.473,-119.625,1439303117603171
3,0000 0000 0000 0000 0000 001E,-62.50,2.810,-0.625,1439303117785011
3,0000 0000 0000 0000 0000 001E,-61.00,5.952,25.625,1439303117819489
1,0000 0000 0000 0000 0000 001E,-64.50,5.050,67.125,1439303117949980
1,0000 0000 0000 0000 0000 001E,-63.00,5.197,54.875,1439303117993605
3,0000 0000 0000 0000 0000 001E,-61.50,0.344,93.9375,1439303118146703
3,0000 0000 0000 0000 0000 001E,-62.00,0.423,-20.75,1439303118210969
1,0000 0000 0000 0000 0000 001E,-64.00,1.270,59.8125,1439303118333780
1,0000 0000 0000 0000 0000 001E,-64.50,1.362,-31.6875,1439303118361568
3,0000 0000 0000 0000 0000 001E,-62.50,2.970,93.9375,1439303118497837
3,0000 0000 0000 0000 0000 001E,-62.50,2.964,-52.4375,1439303118539504
4,0000 0000 0000 0000 0000 001E,-65.50,1.387,96.375,1439303118587138
4,0000 0000 0000 0000 0000 001E,-65.00,1.411,70.75,1439303118620140
3,0000 0000 0000 0000 0000 001E,-62.50,2.375,-13.375,1439303118921489
3,0000 0000 0000 0000 0000 001E,-60.50,2.019,220.9375,1439303118965386
1,0000 0000 0000 0000 0000 001E,-65.00,2.804,280.75,1439303119150767
3,0000 0000 0000 0000 0000 001E,-62.50,5.535,114.6875,1439303119386818
1,0000 0000 0000 0000 0000 001E,-65.00,4.847,23.1875,1439303119555922
1,0000 0000 0000 0000 0000 001E,-66.50,1.540,-0.125,1439303119626331
3,0000 0000 0000 0000 0000 001E,-61.00,0.423,-122.0625,1439303119741784
3,0000 0000 0000 0000 0000 001E,-62.50,0.098,64.6875,1439303119797726
1,0000 0000 0000 0000 0000 001E,-63.50,5.940,-57.3125,1439303119989967
1,0000 0000 0000 0000 0000 001E,-65.00,5.952,-75.625,1439303120044510
3,0000 0000 0000 0000 0000 001E,-63.50,0.718,0.0625,1439303120272615
1,0000 0000 0000 0000 0000 001E,-63.50,0.454,106.1875,1439303120437724
1,0000 0000 0000 0000 0000 001E,-63.50,0.626,-59.8125,1439303120474026
3,0000 0000 0000 0000 0000 001E,-63.00,2.154,75.625,1439303120664000
3,0000 0000 0000 0000 0000 001E,-62.50,2.528,-133,1439303120708715
4,0000 0000 0000 0000 0000 001E,-64.50,2.178,-130.5625,1439303120791737
4,0000 0000 0000 0000 0000 001E,-66.50,4.878,0.8125,1439303120878142
1,0000 0000 0000 0000 0000 001E,-64.00,4.651,52.4375,1439303120930350
3,0000 0000 0000 0000 0000 001E,-63.50,4.700,0,1439303121116587
3,0000 0000 0000 0000 0000 001E,-64.00,1.012,43.9375,1439303121145846
1,0000 0000 0000 0000 0000 001E,-67.50,5.927,-0.8125,1439303121294249
1,0000 0000 0000 0000 0000 001E,-65.00,2.368,133,1439303121313126
3,0000 0000 0000 0000 0000 001E,-63.50,5.056,59.8125,1439303121470428
3,0000 0000 0000 0000 0000 001E,-64.00,5.258,-0.1875,1439303121520869
4,0000 0000 0000 0000 0000 001E,-71.00,5.792,0,1439303121635622
1,0000 0000 0000 0000 0000 001E,-66.00,3.841,62.25,1439303121691479
3,0000 0000 0000 0000 0000 001E,-61.50,3.657,80.5625,1439303121868058
3,0000 0000 0000 0000 0000 001E,-60.50,3.780,0,1439303121903252
1,0000 0000 0000 0000 0000 001E,-66.00,2.853,-85.4375,1439303122063903
1,0000 0000 0000 0000 0000 001E,-64.50,2.602,20.75,1439303122121181
3,0000 0000 0000 0000 0000 001E,-61.50,3.160,-15.8125,1439303122255319
3,0000 0000 0000 0000 0000 001E,-61.50,2.915,161.125,1439303122305236
4,0000 0000 0000 0000 0000 001E,-67.50,6.185,0.5,1439303122413119
1,0000 0000 0000 0000 0000 001E,-65.00,3.939,-10.9375,1439303122470292
1,0000 0000 0000 0000 0000 001E,-65.50,3.823,114.6875,1439303122512937
3,0000 0000 0000 0000 0000 001E,-62.00,1.871,-18.25,1439303122651005
3,0000 0000 0000 0000 0000 001E,-62.00,1.951,25.625,1439303122688709
1,0000 0000 0000 0000 0000 001E,-65.50,2.301,-112.25,1439303122856222
1,0000 0000 0000 0000 0000 001E,-66.00,5.185,-0.875,1439303122936208
3,0000 0000 0000 0000 0000 001E,-61.50,1.669,59.8125,1439303123138723
4,0000 0000 0000 0000 0000 001E,-66.50,4.264,1.5,1439303123244850
4,0000 0000 0000 0000 0000 001E,-66.00,1.534,-135.4375,1439303123260261
3,0000 0000 0000 0000 0000 001E,-62.50,0.583,-177,1439303123514596
3,0000 0000 0000 0000 0000 001E,-63.00,0.270,13.375,1439303123558396
3,0000 0000 0000 0000 0000 001E,-63.50,2.755,0,1439303123927140
1,0000 0000 0000 0000 0000 001E,-64.50,3.749,41.5,1439303124229282
3,0000 0000 0000 0000 0000 001E,-63.00,4.559,-0.25,1439303124468878
3,0000 0000 0000 0000 0000 001E,-61.50,1.356,54.875,1439303124501261
1,0000 0000 0000 0000 0000 001E,-68.00,5.571,-0.375,1439303124721430
1,0000 0000 0000 0000 0000 001E,-66.50,2.276,54.875,1439303124740334
3,0000 0000 0000 0000 0000 001E,-61.00,4.271,-23.1875,1439303124910765
3,0000 0000 0000 0000 0000 001E,-63.50,1.571,0.25,1439303124984421
1,0000 0000 0000 0000 0000 001E,-63.50,0.301,-28.0625,1439303125113636
1,0000 0000 0000 0000 0000 001E,-66.00,0.552,-0.125,1439303125195388
3,0000 0000 0000 0000 0000 001E,-62.50,1.227,-114.6875,1439303125341862
3,0000 0000 0000 0000 0000 001E,-62.00,1.331,20.75,1439303125408126
1,0000 0000 0000 0000 0000 001E,-65.00,3.191,-52.4375,1439303125563617
1,0000 0000 0000 0000 0000 001E,-63.00,3.491,-98.875,1439303125636553
3,0000 0000 0000 0000 0000 001E,-63.00,3.982,-0.75,1439303125804633
3,0000 0000 0000 0000 0000 001E,-62.50,0.828,-20.75,1439303125839542
1,0000 0000 0000 0000 0000 001E,-67.00,6.203,39.0625,1439303126002919
1,0000 0000 0000 0000 0000 001E,-66.00,0.147,-0.0625,1439303126066365
3,0000 0000 0000 0000 0000 001E,-60.50,5.056,0,1439303126202652
3,0000 0000 0000 0000 0000 001E,-61.00,4.847,98.875,1439303126243914
1,0000 0000 0000 0000 0000 001E,-63.50,2.264,-13.375,1439303126402830
1,0000 0000 0000 0000 0000 001E,-62.50,2.264,-10.9375,1439303126449863
3,0000 0000 0000 0000 0000 001E,-60.50,6.173,-67.125,1439303126592471
3,0000 0000 0000 0000 0000 001E,-63.50,0.196,70.75,1439303126646512
4,0000 0000 0000 0000 0000 001E,-66.50,0.319,-0.4375,1439303126721042
4,0000 0000 0000 0000 0000 001E,-67.00,0.196,0.4375,1439303126771891
1,0000 0000 0000 0000 0000 001E,-65.00,2.362,18.25,1439303126854465
3,0000 0000 0000 0000 0000 001E,-61.00,0.288,-50,1439303126993328
3,0000 0000 0000 0000 0000 001E,-60.50,4.792,-43.9375,1439303127058941
1,0000 0000 0000 0000 0000 001E,-64.50,0.663,-179.4375,1439303127197308
1,0000 0000 0000 0000 0000 001E,-65.50,5.559,-43.9375,1439303127275912
4,0000 0000 0000 0000 0000 001E,-64.50,3.878,-156.25,1439303127579077
1,0000 0000 0000 0000 0000 001E,-65.00,0.859,101.3125,1439303127645809
1,0000 0000 0000 0000 0000 001E,-64.50,1.282,-96.375,1439303127699405
3,0000 0000 0000 0000 0000 001E,-61.50,6.105,-57.3125,1439303127869578
3,0000 0000 0000 0000 0000 001E,-61.50,6.118,-73.1875,1439303127916150
1,0000 0000 0000 0000 0000 001E,-64.00,5.148,-4.875,1439303128082876
1,0000 0000 0000 0000 0000 001E,-65.00,5.062,128.125,1439303128147872
3,0000 0000 0000 0000 0000 001E,-62.00,0.540,-184.3125,1439303128344922
3,0000 0000 0000 0000 0000 001E,-62.50,0.411,15.8125,1439303128395098
1,0000 0000 0000 0000 0000 001E,-64.50,1.270,15.8125,1439303128587300
1,0000 0000 0000 0000 0000 001E,-65.50,1.503,-57.3125,1439303128640422
3,0000 0000 0000 0000 0000 001E,-62.00,2.798,153.75,1439303128817764
3,0000 0000 0000 0000 0000 001E,-62.50,2.473,43.9375,1439303128863510
3,0000 0000 0000 0000 0000 001E,-60.50,2.559,-83,1439303129187101
3,0000 0000 0000 0000 0000 001E,-63.50,5.528,-0.625,1439303129250329
1,0000 0000 0000 0000 0000 001E,-66.00,3.608,-236.8125,1439303129398632
1,0000 0000 0000 0000 0000 001E,-63.00,1.798,28.0625,1439303129468082
3,0000 0000 0000 0000 0000 001E,-62.50,5.547,112.25,1439303129609292
3,0000 0000 0000 0000 0000 001E,-62.00,5.927,-67.125,1439303129636984
1,0000 0000 0000 0000 0000 001E,-65.50,4.602,15.8125,1439303129819759
1,0000 0000 0000 0000 0000 001E,-63.50,2.749,-148.875,1439303129912345
3,0000 0000 0000 0000 0000 001E,-61.50,0.025,15.8125,1439303130044080
4,0000 0000 0000 0000 0000 001E,-65.50,2.988,23.1875,1439303130213622
1,0000 0000 0000 0000 0000 001E,-64.00,5.608,-73.1875,1439303130281287
1,0000 0000 0000 0000 0000 001E,-65.00,5.154,195.3125,1439303130322138
3,0000 0000 0000 0000 0000 001E,-62.00,4.614,195.3125,1439303130489707
4,0000 0000 0000 0000 0000 001E,-66.00,4.903,-80.5625,1439303130639861
1,0000 0000 0000 0000 0000 001E,-67.50,1.074,-0.4375,1439303130784842
3,0000 0000 0000 0000 0000 001E,-62.50,3.424,-106.1875,1439303130963094
3,0000 0000 0000 0000 0000 001E,-62.50,3.350,-18.25,1439303131001415
4,0000 0000 0000 0000 0000 001E,-64.50,1.730,103.75,1439303131061649
3,0000 0000 0000 0000 0000 001E,-62.50,1.006,31.6875,1439303131433405
1,0000 0000 0000 0000 0000 001E,-62.50,1.043,-4.875,1439303131592363
1,0000 0000 0000 0000 0000 001E,-63.50,1.104,-18.25,1439303131635756
3,0000 0000 0000 0000 0000 001E,-63.50,5.160,1.5,1439303131824128
3,0000 0000 0000 0000 0000 001E,-62.50,1.902,28.0625,1439303131855194
1,0000 0000 0000 0000 0000 001E,-65.00,5.798,-2.4375,1439303132017344
1,0000 0000 0000 0000 0000 001E,-66.00,5.780,0.4375,1439303132106016
3,0000 0000 0000 0000 0000 001E,-63.00,0.558,-10.9375,1439303132285098
1,0000 0000 0000 0000 0000 001E,-67.00,5.234,0.125,1439303132507409
3,0000 0000 0000 0000 0000 001E,-62.00,1.694,206.25,1439303132692531
4,0000 0000 0000 0000 0000 001E,-66.50,2.270,25.625,1439303132851216
1,0000 0000 0000 0000 0000 001E,-65.50,3.743,96.375,1439303132904258
4,0000 0000 0000 0000 0000 001E,-68.00,2.847,0.125,1439303133304525
3,0000 0000 0000 0000 0000 001E,-61.50,2.632,18.25,1439303133518878
3,0000 0000 0000 0000 0000 001E,-61.50,0.337,18.25,1439303133592379
1,0000 0000 0000 0000 0000 001E,-65.00,4.375,-57.3125,1439303133768280
3,0000 0000 0000 0000 0000 001E,-61.50,2.939,-10.9375,1439303133991583
4,0000 0000 0000 0000 0000 001E,-71.50,6.222,0.375,1439303134078553
1,0000 0000 0000 0000 0000 001E,-64.00,4.602,250.1875,1439303134129346
1,0000 0000 0000 0000 0000 001E,-62.50,1.540,13.375,1439303134203175
3,0000 0000 0000 0000 0000 001E,-63.00,1.405,18.25,1439303134389650
3,0000 0000 0000 0000 0000 001E,-63.50,1.571,-96.375,1439303134440249
1,0000 0000 0000 0000 0000 001E,-64.00,3.320,20.75,1439303134604047
1,0000 0000 0000 0000 0000 001E,-65.00,3.559,-62.25,1439303134646075
3,0000 0000 0000 0000 0000 001E,-63.00,0.822,-18.25,1439303134800043
3,0000 0000 0000 0000 0000 001E,-61.50,0.724,-25.625,1439303134842402
1,0000 0000 0000 0000 0000 001E,-63.50,5.989,200.1875,1439303134976232
1,0000 0000 0000 0000 0000 001E,-64.50,6.191,-10.9375,1439303135020016
3,0000 0000 0000 0000 0000 001E,-61.50,3.945,128.125,1439303135159007
3,0000 0000 0000 0000 0000 001E,-61.50,4.571,119.625,1439303135216863
4,0000 0000 0000 0000 0000 001E,-65.00,4.154,-93.9375,1439303135274685
4,0000 0000 0000 0000 0000 001E,-66.00,3.878,46.375,1439303135322572
1,0000 0000 0000 0000 0000 001E,-66.00,0.479,-0.625,1439303135413429
3,0000 0000 0000 0000 0000 001E,-64.00,1.374,-0.5,1439303135632843
4,0000 0000 0000 0000 0000 001E,-68.00,1.442,1.3125,1439303135709346
3,0000 0000 0000 0000 0000 001E,-61.00,0.988,-117.1875,1439303135985246
3,0000 0000 0000 0000 0000 001E,-62.50,0.871,-59.8125,1439303136024992
1,0000 0000 0000 0000 0000 001E,-64.50,0.387,-96.375,1439303136201205
3,0000 0000 0000 0000 0000 001E,-61.50,4.989,36.5625,1439303136371128
3,0000 0000 0000 0000 0000 001E,-61.00,5.087,15.8125,1439303136424273
1,0000 0000 0000 0000 0000 001E,-64.00,2.295,-13.375,1439303136574979
1,0000 0000 0000 0000 0000 001E,-63.00,2.240,67.125,1439303136618561
3,0000 0000 0000 0000 0000 001E,-61.00,4.780,-18.25,1439303137160220
3,0000 0000 0000 0000 0000 001E,-61.50,4.768,15.8125,1439303137198420
1,0000 0000 0000 0000 0000 001E,-64.50,0.558,-70.75,1439303137350761
1,0000 0000 0000 0000 0000 001E,-64.00,5.436,54.875,1439303137409306
3,0000 0000 0000 0000 0000 001E,-62.00,4.860,-31.6875,1439303137579114
3,0000 0000 0000 0000 0000 001E,-61.50,4.534,20.75,1439303137622078
4,0000 0000 0000 0000 0000 001E,-68.00,3.970,-91.5,1439303137680523
1,0000 0000 0000 0000 0000 001E,-64.50,0.693,140.375,1439303137840227
3,0000 0000 0000 0000 0000 001E,-61.50,5.952,28.0625,1439303138038438
3,0000 0000 0000 0000 0000 001E,-61.00,5.866,36.5625,1439303138076404
1,0000 0000 0000 0000 0000 001E,-65.00,5.216,-13.375,1439303138238342
1,0000 0000 0000 0000 0000 001E,-63.50,5.479,-211.125,1439303138289547
3,0000 0000 0000 0000 0000 001E,-61.50,0.951,-200.1875,1439303138441904
3,0000 0000 0000 0000 0000 001E,-62.00,0.565,20.75,1439303138479311
1,0000 0000 0000 0000 0000 001E,-66.00,4.577,-0.5,1439303138704299
1,0000 0000 0000 0000 0000 001E,-65.00,1.552,-133,1439303138726589
3,0000 0000 0000 0000 0000 001E,-62.00,3.013,4.875,1439303138888017
3,0000 0000 0000 0000 0000 001E,-61.50,2.921,57.3125,1439303138930011
1,0000 0000 0000 0000 0000 001E,-65.00,4.252,-4.875,1439303139126665
1,0000 0000 0000 0000 0000 001E,-64.00,4.326,34.125,1439303139171705
3,0000 0000 0000 0000 0000 001E,-62.50,5.369,1.5,1439303139379190
4,0000 0000 0000 0000 0000 001E,-69.00,5.357,1.3125,1439303139472326
1,0000 0000 0000 0000 0000 001E,-62.50,1.712,70.75,1439303139599854
3,0000 0000 0000 0000 0000 001E,-61.50,5.295,223.375,1439303139758140
3,0000 0000 0000 0000 0000 001E,-62.00,2.706,-98.875,1439303139809495
4,0000 0000 0000 0000 0000 001E,-71.50,0.025,0.625,1439303139871551
4,0000 0000 0000 0000 0000 001E,-71.50,0.172,-3.3125,1439303139899763
1,0000 0000 0000 0000 0000 001E,-65.00,4.639,85.4375,1439303139949110
1,0000 0000 0000 0000 0000 001E,-65.00,4.725,36.5625,1439303139993898
3,0000 0000 0000 0000 0000 001E,-62.00,0.178,-59.8125,1439303140203369
3,0000 0000 0000 0000 0000 001E,-61.50,4.142,46.375,1439303140277175
4,0000 0000 0000 0000 0000 001E,-65.00,3.093,-15.8125,1439303140334081
4,0000 0000 0000 0000 0000 001E,-65.50,3.221,-31.6875,1439303140385723
1,0000 0000 0000 0000 0000 001E,-63.00,5.510,-31.6875,1439303140442305
1,0000 0000 0000 0000 0000 001E,-63.50,5.424,28.0625,1439303140496397
3,0000 0000 0000 0000 0000 001E,-63.50,5.283,-28.0625,1439303140644976
3,0000 0000 0000 0000 0000 001E,-63.00,5.173,-25.625,1439303140700186
1,0000 0000 0000 0000 0000 001E,-67.50,1.074,-0.0625,1439303140872497
1,0000 0000 0000 0000 0000 001E,-65.50,4.240,-34.125,1439303140886509
3,0000 0000 0000 0000 0000 001E,-61.50,3.356,-57.3125,1439303141023253
3,0000 0000 0000 0000 0000 001E,-62.00,3.185,23.1875,1439303141061561
4,0000 0000 0000 0000 0000 001E,-64.50,2.000,-135.4375,1439303141108293
4,0000 0000 0000 0000 0000 001E,-65.00,1.620,179.4375,1439303141170120
1,0000 0000 0000 0000 0000 001E,-65.00,3.798,-41.5,1439303141234605
3,0000 0000 0000 0000 0000 001E,-62.00,1.055,20.75,1439303141472254
1,0000 0000 0000 0000 0000 001E,-62.50,0.890,64.6875,1439303141639976
1,0000 0000 0000 0000 0000 001E,-64.00,1.049,0.25,1439303141695950
3,0000 0000 0000 0000 0000 001E,-62.00,2.013,73.1875,1439303141857900
3,0000 0000 0000 0000 0000 001E,-62.50,1.951,133,1439303141918762
1,0000 0000 0000 0000 0000 001E,-65.00,5.596,50,1439303142075151
1,0000 0000 0000 0000 0000 001E,-65.00,5.798,-54.875,1439303142125066
3,0000 0000 0000 0000 0000 001E,-62.50,0.607,-13.375,1439303142275955
3,0000 0000 0000 0000 0000 001E,-63.00,0.417,80.5625,1439303142320650
4,0000 0000 0000 0000 0000 001E,-72.50,0.129,4.3125,1439303142466817
1,0000 0000 0000 0000 0000 001E,-64.50,5.216,10.9375,1439303142518190
1,0000 0000 0000 0000 0000 001E,-65.00,4.884,135.4375,1439303142572108
3,0000 0000 0000 0000 0000 001E,-62.00,2.019,2.4375,1439303142719797
3,0000 0000 0000 0000 0000 001E,-62.50,2.031,-163.5625,1439303142831777
1,0000 0000 0000 0000 0000 001E,-65.50,3.688,43.9375,1439303142978883
1,0000 0000 0000 0000 0000 001E,-65.50,3.669,112.25,1439303143018705
3,0000 0000 0000 0000 0000 001E,-63.00,6.259,0.1875,1439303143184719
3,0000 0000 0000 0000 0000 001E,-61.00,0.037,-7.3125,1439303143204164
4,0000 0000 0000 0000 0000 001E,-66.50,6.210,-145.25,1439303143278850
1,0000 0000 0000 0000 0000 001E,-65.50,3.749,83,1439303143427133
3,0000 0000 0000 0000 0000 001E,-62.00,2.626,-75.625,1439303143586510
3,0000 0000 0000 0000 0000 001E,-62.00,2.546,85.4375,1439303143633288
1,0000 0000 0000 0000 0000 001E,-66.00,2.123,-18.25,1439303143806177
1,0000 0000 0000 0000 0000 001E,-65.50,1.878,15.8125,1439303143841965
3,0000 0000 0000 0000 0000 001E,-62.00,1.921,-135.4375,1439303143932339
3,0000 0000 0000 0000 0000 001E,-62.50,1.387,161.125,1439303143968586
1,0000 0000 0000 0000 0000 001E,-65.00,4.485,167.1875,1439303144127496
1,0000 0000 0000 0000 0000 001E,-65.00,4.866,-7.3125,1439303144171470
3,0000 0000 0000 0000 0000 001E,-63.50,5.436,64.6875,1439303144355970
3,0000 0000 0000 0000 0000 001E,-62.50,5.528,-80.5625,1439303144402350
1,0000 0000 0000 0000 0000 001E,-65.50,3.988,28.0625,1439303144539139
1,0000 0000 0000 0000 0000 001E,-65.50,4.123,-43.9375,1439303144584886
3,0000 0000 0000 0000 0000 001E,-62.00,1.399,62.25,1439303144743263
3,0000 0000 0000 0000 0000 001E,-61.00,1.362,-41.5,1439303144797608
4,0000 0000 0000 0000 0000 001E,-68.50,5.694,-0.4375,1439303144860649
4,0000 0000 0000 0000 0000 001E,-68.00,4.044,-1.9375,1439303144927728
3,0000 0000 0000 0000 0000 001E,-61.50,4.203,2.4375,1439303145222359
1,0000 0000 0000 0000 0000 001E,-63.50,0.423,-83,1439303145376534
1,0000 0000 0000 0000 0000 001E,-64.50,0.135,-28.0625,1439303145430632
3,0000 0000 0000 0000 0000 001E,-62.00,1.012,93.9375,1439303145584570
3,0000 0000 0000 0000 0000 001E,-62.00,0.920,67.125,1439303145621566
4,0000 0000 0000 0000 0000 001E,-68.00,4.786,0,1439303145713833
4,0000 0000 0000 0000 0000 001E,-68.50,4.608,2.1875,1439303145764899
1,0000 0000 0000 0000 0000 001E,-67.50,0.067,-1.0625,1439303145823191
1,0000 0000 0000 0000 0000 001E,-66.00,3.240,-112.25,1439303145844045
3,0000 0000 0000 0000 0000 001E,-62.50,0.816,124.5,1439303145997731
3,0000 0000 0000 0000 0000 001E,-63.00,0.816,0.8125,1439303146080794
3,0000 0000 0000 0000 0000 001E,-60.00,4.283,50,1439303146450997
1,0000 0000 0000 0000 0000 001E,-65.00,0.785,7.3125,1439303146616431
1,0000 0000 0000 0000 0000 001E,-65.50,0.798,10.9375,1439303146680501
3,0000 0000 0000 0000 0000 001E,-61.50,6.087,-7.3125,1439303146879624
3,0000 0000 0000 0000 0000 001E,-63.00,6.228,25.625,1439303146955617
1,0000 0000 0000 0000 0000 001E,-64.00,2.184,-39.0625,1439303147126357
3,0000 0000 0000 0000 0000 001E,-62.00,1.657,-0.0625,1439303147415957
1,0000 0000 0000 0000 0000 001E,-65.00,5.541,-117.1875,1439303147591256
1,0000 0000 0000 0000 0000 001E,-65.50,5.277,59.8125,1439303147641457
3,0000 0000 0000 0000 0000 001E,-62.00,4.406,46.375,1439303147788840
3,0000 0000 0000 0000 0000 001E,-61.00,4.743,-98.875,1439303147838034
4,0000 0000 0000 0000 0000 001E,-64.50,3.510,52.4375,1439303147881953
1,0000 0000 0000 0000 0000 001E,-66.00,1.313,-91.5,1439303148027581
3,0000 0000 0000 0000 0000 001E,-61.00,6.105,-137.9375,1439303148175621
3,0000 0000 0000 0000 0000 001E,-61.50,6.019,-10.9375,1439303148213788
1,0000 0000 0000 0000 0000 001E,-64.50,5.179,-31.6875,1439303148366360
1,0000 0000 0000 0000 0000 001E,-66.00,2.154,-0.75,1439303148437110
3,0000 0000 0000 0000 0000 001E,-62.50,0.380,89.0625,1439303148556155
3,0000 0000 0000 0000 0000 001E,-62.50,0.350,57.3125,1439303148610005
1,0000 0000 0000 0000 0000 001E,-64.00,3.117,18.25,1439303148740023
1,0000 0000 0000 0000 0000 001E,-65.00,1.454,-89.0625,1439303148783797
3,0000 0000 0000 0000 0000 001E,-61.00,5.639,50,1439303148935943
3,0000 0000 0000 0000 0000 001E,-60.50,2.638,31.6875,1439303149014232
4,0000 0000 0000 0000 0000 001E,-65.00,1.675,-73.1875,1439303149068728
4,0000 0000 0000 0000 0000 001E,-65.50,1.626,36.5625,1439303149107156
1,0000 0000 0000 0000 0000 001E,-65.00,4.264,73.1875,1439303149185857
3,0000 0000 0000 0000 0000 001E,-62.50,1.976,181.875,1439303149352353
3,0000 0000 0000 0000 0000 001E,-63.00,2.516,-89.0625,1439303149417914
1,0000 0000 0000 0000 0000 001E,-65.50,3.246,-39.0625,1439303149597130
1,0000 0000 0000 0000 0000 001E,-66.50,0.031,0.1875,1439303149668516
3,0000 0000 0000 0000 0000 001E,-63.50,5.713,31.6875,1439303149817240
3,0000 0000 0000 0000 0000 001E,-64.00,5.854,0,1439303149942961
1,0000 0000 0000 0000 0000 001E,-65.00,4.307,89.0625,1439303150123534
3,0000 0000 0000 0000 0000 001E,-63.00,0.117,4.875,1439303150282664
3,0000 0000 0000 0000 0000 001E,-62.50,0.233,-117.1875,1439303150348098
4,0000 0000 0000 0000 0000 001E,-65.50,3.203,70.75,1439303150433766
4,0000 0000 0000 0000 0000 001E,-67.50,6.259,0.875,1439303150491953
1,0000 0000 0000 0000 0000 001E,-64.00,5.670,7.3125,1439303150530004
1,0000 0000 0000 0000 0000 001E,-64.00,6.154,-172.0625,1439303150580000
2,0000 0000 0000 0000 0000 001E,-71.50,0.393,-1.125,1439303150650971
3,0000 0000 0000 0000 0000 001E,-62.00,3.608,167.1875,1439303150776666
4,0000 0000 0000 0000 0000 001E,-65.50,4.406,80.5625,1439303150866266
4,0000 0000 0000 0000 0000 001E,-66.50,4.252,130.5625,1439303150908360
1,0000 0000 0000 0000 0000 001E,-65.50,4.179,18.25,1439303151016743
1,0000 0000 0000 0000 0000 001E,-65.00,4.399,-106.1875,1439303151065686
3,0000 0000 0000 0000 0000 001E,-62.50,3.369,-85.4375,1439303151242463
3,0000 0000 0000 0000 0000 001E,-61.00,3.191,-36.5625,1439303151284855
4,0000 0000 0000 0000 0000 001E,-65.00,2.448,-181.875,1439303151353795
4,0000 0000 0000 0000 0000 001E,-69.00,5.148,-1.3125,1439303151445607
1,0000 0000 0000 0000 0000 001E,-64.50,3.270,161.125,1439303151500852
1,0000 0000 0000 0000 0000 001E,-63.00,1.031,13.375,1439303151864610
1,0000 0000 0000 0000 0000 001E,-62.50,0.963,-39.0625,1439303151912367
3,0000 0000 0000 0000 0000 001E,-62.00,1.921,50,1439303152058905
3,0000 0000 0000 0000 0000 001E,-61.00,2.135,-18.25,1439303152107092
4,0000 0000 0000 0000 0000 001E,-71.00,5.528,2.125,1439303152205641
1,0000 0000 0000 0000 0000 001E,-65.00,5.528,62.25,1439303152329856
3,0000 0000 0000 0000 0000 001E,-60.50,0.546,50,1439303152484422
3,0000 0000 0000 0000 0000 001E,-61.00,0.620,-10.9375,1439303152537745
1,0000 0000 0000 0000 0000 001E,-64.50,4.946,145.25,1439303152721599
1,0000 0000 0000 0000 0000 001E,-65.00,5.320,-64.6875,1439303152767748
4,0000 0000 0000 0000 0000 001E,-70.50,5.344,0.9375,1439303153108911
1,0000 0000 0000 0000 0000 001E,-66.50,3.682,15.8125,1439303153219517
3,0000 0000 0000 0000 0000 001E,-63.50,0.006,0.875,1439303153405457
4,0000 0000 0000 0000 0000 001E,-67.50,6.038,-0.125,1439303153523730
1,0000 0000 0000 0000 0000 001E,-65.00,3.792,39.0625,1439303153585916
3,0000 0000 0000 0000 0000 001E,-61.50,0.552,-34.125,1439303153895540
3,0000 0000 0000 0000 0000 001E,-63.00,2.884,57.3125,1439303154252250
3,0000 0000 0000 0000 0000 001E,-61.50,2.706,145.25,1439303154300029
1,0000 0000 0000 0000 0000 001E,-62.50,1.571,7.3125,1439303154487075
1,0000 0000 0000 0000 0000 001E,-63.00,1.448,25.625,1439303154528747
3,0000 0000 0000 0000 0000 001E,-62.50,1.289,73.1875,1439303154744156
3,0000 0000 0000 0000 0000 001E,-62.00,1.608,-41.5,1439303154777900
3,0000 0000 0000 0000 0000 001E,-61.50,0.749,-13.375,1439303155137115
3,0000 0000 0000 0000 0000 001E,-63.00,0.828,-0.9375,1439303155196240
4,0000 0000 0000 0000 0000 001E,-66.50,0.706,167.1875,1439303155230339
1,0000 0000 0000 0000 0000 001E,-63.50,6.265,0,1439303155409265
3,0000 0000 0000 0000 0000 001E,-62.00,4.915,-54.875,1439303155559540
3,0000 0000 0000 0000 0000 001E,-62.00,4.755,36.5625,1439303155651369
1,0000 0000 0000 0000 0000 001E,-66.50,0.558,-0.8125,1439303155828418
1,0000 0000 0000 0000 0000 001E,-64.00,3.387,158.6875,1439303155842515
3,0000 0000 0000 0000 0000 001E,-62.00,1.460,-75.625,1439303155998829
3,0000 0000 0000 0000 0000 001E,-62.50,1.497,-78.125,1439303156048401
1,0000 0000 0000 0000 0000 001E,-65.00,3.356,59.8125,1439303156201783
1,0000 0000 0000 0000 0000 001E,-64.50,3.467,-122.0625,1439303156244307
3,0000 0000 0000 0000 0000 001E,-61.50,0.834,-23.1875,1439303156421057
3,0000 0000 0000 0000 0000 001E,-61.00,4.387,91.5,1439303156492775
4,0000 0000 0000 0000 0000 001E,-73.00,4.074,-3.25,1439303156557657
4,0000 0000 0000 0000 0000 001E,-74.00,0.614,-2.5,1439303156614809
1,0000 0000 0000 0000 0000 001E,-65.00,0.067,34.125,1439303156643598
1,0000 0000 0000 0000 0000 001E,-64.50,0.141,59.8125,1439303156683926
3,0000 0000 0000 0000 0000 001E,-61.00,5.166,-54.875,1439303156845684
3,0000 0000 0000 0000 0000 001E,-62.00,6.050,89.0625,1439303157031324
3,0000 0000 0000 0000 0000 001E,-62.00,0.448,-39.0625,1439303157347324
3,0000 0000 0000 0000 0000 001E,-63.00,0.472,46.375,1439303157395178
4,0000 0000 0000 0000 0000 001E,-69.50,4.553,-0.4375,1439303157475511
1,0000 0000 0000 0000 0000 001E,-64.50,0.031,101.3125,1439303157545792
1,0000 0000 0000 0000 0000 001E,-65.50,0.215,124.5,1439303157574293
3,0000 0000 0000 0000 0000 001E,-62.50,3.645,13.375,1439303157744795
3,0000 0000 0000 0000 0000 001E,-61.50,3.749,-80.5625,1439303157778580
1,0000 0000 0000 0000 0000 001E,-64.00,6.050,31.6875,1439303157951306
1,0000 0000 0000 0000 0000 001E,-63.00,0.061,-70.75,1439303158004518
3,0000 0000 0000 0000 0000 001E,-62.00,5.473,2.4375,1439303158158408
3,0000 0000 0000 0000 0000 001E,-61.50,5.369,28.0625,1439303158214011
4,0000 0000 0000 0000 0000 001E,-71.00,0.933,-1.625,1439303158342869
1,0000 0000 0000 0000 0000 001E,-65.00,1.700,117.1875,1439303158464345
1,0000 0000 0000 0000 0000 001E,-64.50,3.080,-34.125,1439303158841491
1,0000 0000 0000 0000 0000 001E,-64.00,2.915,18.25,1439303158872761
4,0000 0000 0000 0000 0000 001E,-64.00,1.878,-128.125,1439303159189086
4,0000 0000 0000 0000 0000 001E,-65.00,1.669,36.5625,1439303159249504
3,0000 0000 0000 0000 0000 001E,-61.50,2.319,112.25,1439303159508369
3,0000 0000 0000 0000 0000 001E,-63.00,5.584,-1.125,1439303159611708
1,0000 0000 0000 0000 0000 001E,-65.00,3.129,64.6875,1439303159754066
3,0000 0000 0000 0000 0000 001E,-61.50,6.001,-28.0625,1439303160007748
1,0000 0000 0000 0000 0000 001E,-67.50,4.614,0.4375,1439303160229147
1,0000 0000 0000 0000 0000 001E,-66.50,4.651,75.625,1439303160247013
3,0000 0000 0000 0000 0000 001E,-62.00,0.110,-25.625,1439303160402123
3,0000 0000 0000 0000 0000 001E,-61.00,0.215,-67.125,1439303160451916
1,0000 0000 0000 0000 0000 001E,-63.00,5.627,-23.1875,1439303160608349
1,0000 0000 0000 0000 0000 001E,-62.50,5.614,-31.6875,1439303160654370
3,0000 0000 0000 0000 0000 001E,-62.50,3.982,-85.4375,1439303160805693
3,0000 0000 0000 0000 0000 001E,-63.50,0.669,0.4375,1439303160885486
4,0000 0000 0000 0000 0000 001E,-69.00,1.092,0.75,1439303160984544
1,0000 0000 0000 0000 0000 001E,-63.00,0.614,25.625,1439303161008053
1,0000 0000 0000 0000 0000 001E,-63.50,0.724,-59.8125,1439303161048652
3,0000 0000 0000 0000 0000 001E,-63.00,2.461,-4.875,1439303161238490
3,0000 0000 0000 0000 0000 001E,-63.00,2.227,-2.4375,1439303161280809
4,0000 0000 0000 0000 0000 001E,-65.00,2.129,59.8125,1439303161367643
4,0000 0000 0000 0000 0000 001E,-65.00,1.663,64.6875,1439303161411575
1,0000 0000 0000 0000 0000 001E,-65.50,4.860,-59.8125,1439303161459994
1,0000 0000 0000 0000 0000 001E,-64.00,4.577,200.1875,1439303161479441
3,0000 0000 0000 0000 0000 001E,-62.50,1.626,13.375,1439303161623765
3,0000 0000 0000 0000 0000 001E,-61.50,1.669,-20.75,1439303161671990
4,0000 0000 0000 0000 0000 001E,-69.00,4.927,0.125,1439303161736903
4,0000 0000 0000 0000 0000 001E,-68.00,4.191,0,1439303161804095
1,0000 0000 0000 0000 0000 001E,-67.50,6.019,-0.8125,1439303161845079
1,0000 0000 0000 0000 0000 001E,-66.50,2.546,117.1875,1439303161875028
3,0000 0000 0000 0000 0000 001E,-63.50,2.111,0.125,1439303162052407
3,0000 0000 0000 0000 0000 001E,-63.50,5.216,70.75,1439303162065521
4,0000 0000 0000 0000 0000 001E,-66.50,4.749,-36.5625,1439303162133616
4,0000 0000 0000 0000 0000 001E,-66.00,2.442,39.0625,1439303162187630
1,0000 0000 0000 0000 0000 001E,-65.50,3.988,50,1439303162240965
1,0000 0000 0000 0000 0000 001E,-66.50,4.099,13.375,1439303162286872
3,0000 0000 0000 0000 0000 001E,-61.00,3.835,23.1875,1439303162437301
3,0000 0000 0000 0000 0000 001E,-61.00,3.798,54.875,1439303162492560
3,0000 0000 0000 0000 0000 001E,-61.00,3.356,-78.125,1439303162843323
3,0000 0000 0000 0000 0000 001E,-60.50,3.307,-2.4375,1439303162890362
4,0000 0000 0000 0000 0000 001E,-72.50,0.356,-0.125,1439303162961232
4,0000 0000 0000 0000 0000 001E,-67.50,0.000,0.9375,1439303163017377
3,0000 0000 0000 0000 0000 001E,-62.00,1.724,43.9375,1439303163235438
3,0000 0000 0000 0000 0000 001E,-62.50,1.939,4.875,1439303163274200
1,0000 0000 0000 0000 0000 001E,-65.00,4.203,-109.8125,1439303163384950
3,0000 0000 0000 0000 0000 001E,-62.50,1.865,-62.25,1439303163652722
3,0000 0000 0000 0000 0000 001E,-62.50,0.644,-67.125,1439303164026043
3,0000 0000 0000 0000 0000 001E,-63.00,0.614,-41.5,1439303164069985
3,0000 0000 0000 0000 0000 001E,-62.50,3.129,-59.8125,1439303164471297
3,0000 0000 0000 0000 0000 001E,-62.00,2.970,36.5625,1439303164496045
1,0000 0000 0000 0000 0000 001E,-63.50,1.331,89.0625,1439303164685748
1,0000 0000 0000 0000 0000 001E,-62.50,1.246,117.1875,1439303164722184
3,0000 0000 0000 0000 0000 001E,-63.00,1.743,-23.1875,1439303164859152
3,0000 0000 0000 0000 0000 001E,-63.00,1.411,25.625,1439303164932772
1,0000 0000 0000 0000 0000 001E,-65.00,3.405,-20.75,1439303165075707
1,0000 0000 0000 0000 0000 001E,-66.00,5.952,218.5,1439303165538982
3,0000 0000 0000 0000 0000 001E,-61.50,4.657,137.9375,1439303165698409
3,0000 0000 0000 0000 0000 001E,-62.50,4.657,62.25,1439303165756746
4,0000 0000 0000 0000 0000 001E,-66.00,3.927,46.375,1439303165808586
1,0000 0000 0000 0000 0000 001E,-65.50,3.436,133,1439303165973865
3,0000 0000 0000 0000 0000 001E,-63.00,1.368,4.875,1439303166154096
3,0000 0000 0000 0000 0000 001E,-63.00,1.614,-117.1875,1439303166182160
1,0000 0000 0000 0000 0000 001E,-64.00,3.148,83,1439303166344215
1,0000 0000 0000 0000 0000 001E,-65.00,0.018,0.125,1439303166415467
3,0000 0000 0000 0000 0000 001E,-62.00,0.927,-28.0625,1439303166543092
3,0000 0000 0000 0000 0000 001E,-63.00,0.963,-0.875,1439303166619709
3,0000 0000 0000 0000 0000 001E,-61.00,4.927,70.75,1439303167004086
3,0000 0000 0000 0000 0000 001E,-63.00,6.173,-62.25,1439303167054194
1,0000 0000 0000 0000 0000 001E,-63.00,2.221,89.0625,1439303167188026
1,0000 0000 0000 0000 0000 001E,-63.50,2.393,15.8125,1439303167237190
3,0000 0000 0000 0000 0000 001E,-63.00,0.534,-181.875,1439303167398413
3,0000 0000 0000 0000 0000 001E,-62.50,0.227,34.125,1439303167442095
1,0000 0000 0000 0000 0000 001E,-65.00,2.681,-109.8125,1439303167604799
1,0000 0000 0000 0000 0000 001E,-64.00,0.442,46.375,1439303167676433
3,0000 0000 0000 0000 0000 001E,-61.50,4.761,59.8125,1439303167791220
3,0000 0000 0000 0000 0000 001E,-61.00,4.608,106.1875,1439303167835125
3,0000 0000 0000 0000 0000 001E,-64.00,4.676,-80.5625,1439303168214570
3,0000 0000 0000 0000 0000 001E,-62.00,4.522,23.1875,1439303168263797
1,0000 0000 0000 0000 0000 001E,-65.00,1.209,-28.0625,1439303168415104
1,0000 0000 0000 0000 0000 001E,-66.00,1.147,-1.5625,1439303168461607
3,0000 0000 0000 0000 0000 001E,-61.00,5.878,57.3125,1439303168629144
4,0000 0000 0000 0000 0000 001E,-64.50,2.491,-4.875,1439303168696784
4,0000 0000 0000 0000 0000 001E,-65.50,2.418,-13.375,1439303168748534
1,0000 0000 0000 0000 0000 001E,-64.50,5.369,-106.1875,1439303168814027
1,0000 0000 0000 0000 0000 001E,-65.00,6.068,-0.375,1439303168908925
3,0000 0000 0000 0000 0000 001E,-62.00,5.829,-54.875,1439303169136243
3,0000 0000 0000 0000 0000 001E,-61.00,5.915,-98.875,1439303169199707
4,0000 0000 0000 0000 0000 001E,-65.50,1.632,-15.8125,1439303169286702
4,0000 0000 0000 0000 0000 001E,-65.00,1.829,-52.4375,1439303169333678
1,0000 0000 0000 0000 0000 001E,-65.50,4.590,46.375,1439303169384715
3,0000 0000 0000 0000 0000 001E,-64.00,2.227,137.9375,1439303169623127
3,0000 0000 0000 0000 0000 001E,-60.50,1.282,-73.1875,1439303169980930
3,0000 0000 0000 0000 0000 001E,-62.50,1.154,-18.25,1439303170027057
1,0000 0000 0000 0000 0000 001E,-62.50,1.552,96.375,1439303170184596
1,0000 0000 0000 0000 0000 001E,-63.00,1.853,-85.4375,1439303170251448
3,0000 0000 0000 0000 0000 001E,-62.00,2.626,54.875,1439303170411699
3,0000 0000 0000 0000 0000 001E,-62.00,2.528,64.6875,1439303170458472
1,0000 0000 0000 0000 0000 001E,-64.00,2.694,-85.4375,1439303170629812
1,0000 0000 0000 0000 0000 001E,-63.50,5.578,-25.625,1439303170740959
3,0000 0000 0000 0000 0000 001E,-62.50,4.172,34.125,1439303170879375
3,0000 0000 0000 0000 0000 001E,-61.50,3.939,73.1875,1439303170940827
4,0000 0000 0000 0000 0000 001E,-65.00,2.240,158.6875,1439303171001558
4,0000 0000 0000 0000 0000 001E,-65.50,2.810,-109.8125,1439303171049679
1,0000 0000 0000 0000 0000 001E,-63.00,0.804,-96.375,1439303171097865
1,0000 0000 0000 0000 0000 001E,-63.00,0.822,-119.625,1439303171138176
3,0000 0000 0000 0000 0000 001E,-62.00,2.123,114.6875,1439303171298203
3,0000 0000 0000 0000 0000 001E,-61.50,2.283,-15.8125,1439303171337893
4,0000 0000 0000 0000 0000 001E,-64.00,0.313,36.5625,1439303171394142
4,0000 0000 0000 0000 0000 001E,-65.50,0.472,-2.4375,1439303171447663
1,0000 0000 0000 0000 0000 001E,-65.00,4.479,-197.75,1439303171487948
1,0000 0000 0000 0000 0000 001E,-65.50,4.577,70.75,1439303171533793
